0.000000 0.471562 0.090625 0.254937 0.175750 0.007125 
0.500000 0.471438 0.090875 0.252563 0.178063 0.007063 
1.000000 0.470938 0.091125 0.257063 0.173813 0.007063 
1.500000 0.470250 0.092063 0.255125 0.175500 0.007063 
2.000000 0.472187 0.089625 0.254188 0.176750 0.007250 
2.500000 0.473562 0.088063 0.256875 0.174125 0.007375 
3.000000 0.473187 0.088625 0.255625 0.175125 0.007437 
3.500000 0.474125 0.087000 0.254437 0.176937 0.007500 
4.000000 0.472313 0.088625 0.253625 0.177813 0.007625 
4.500000 0.472125 0.089313 0.253750 0.177187 0.007625 
5.000000 0.471187 0.090313 0.255625 0.175313 0.007562 
5.500000 0.469500 0.091375 0.256250 0.175375 0.007500 
6.000000 0.469750 0.091063 0.254250 0.177250 0.007687 
6.500000 0.471000 0.090063 0.255937 0.175187 0.007812 
7.000000 0.466750 0.094000 0.254750 0.176563 0.007938 
7.500000 0.467500 0.093500 0.255188 0.175875 0.007938 
8.000000 0.468500 0.092188 0.252875 0.178500 0.007938 
8.500000 0.469250 0.091188 0.255000 0.176563 0.008000 
9.000000 0.467687 0.092750 0.257625 0.173875 0.008063 
9.500000 0.464313 0.096062 0.256688 0.174875 0.008063 
10.000000 0.464562 0.095750 0.258062 0.173500 0.008125 
10.500000 0.466313 0.094312 0.258000 0.173313 0.008063 
11.000000 0.465062 0.095375 0.253812 0.177500 0.008250 
11.500000 0.462562 0.097937 0.255188 0.175937 0.008375 
12.000000 0.458688 0.101688 0.255937 0.175313 0.008375 
12.500000 0.461687 0.098812 0.255563 0.175437 0.008500 
13.000000 0.460500 0.099750 0.259375 0.171750 0.008625 
13.500000 0.458750 0.101875 0.259437 0.171000 0.008937 
14.000000 0.459750 0.100250 0.258750 0.172187 0.009062 
14.500000 0.456313 0.104188 0.260000 0.170250 0.009250 
15.000000 0.455062 0.105875 0.258750 0.171125 0.009187 
15.500000 0.457062 0.104438 0.258688 0.170313 0.009500 
16.000000 0.455188 0.105750 0.256063 0.173375 0.009625 
16.500000 0.453750 0.106875 0.257500 0.172125 0.009750 
17.000000 0.450500 0.110500 0.256500 0.172563 0.009938 
17.500000 0.451875 0.109437 0.258000 0.170563 0.010125 
18.000000 0.450250 0.111500 0.256688 0.171250 0.010313 
18.500000 0.451250 0.110250 0.256312 0.171750 0.010438 
19.000000 0.450688 0.111562 0.258000 0.169125 0.010625 
19.500000 0.448125 0.115375 0.258500 0.167063 0.010937 
20.000000 0.448313 0.115500 0.258062 0.166875 0.011250 
20.500000 0.447313 0.117313 0.261000 0.162938 0.011437 
21.000000 0.449562 0.116500 0.264500 0.158000 0.011437 
21.500000 0.446000 0.119500 0.263875 0.158688 0.011938 
22.000000 0.446813 0.119750 0.263875 0.157562 0.012000 
22.500000 0.444937 0.122313 0.265562 0.154562 0.012625 
23.000000 0.446313 0.121438 0.266875 0.152625 0.012750 
23.500000 0.444125 0.124875 0.264625 0.153375 0.013000 
24.000000 0.448062 0.122000 0.265937 0.150750 0.013250 
24.500000 0.448250 0.122688 0.267000 0.148125 0.013938 
25.000000 0.452125 0.119813 0.267688 0.146375 0.014000 
25.500000 0.453062 0.119438 0.268062 0.144687 0.014750 
26.000000 0.453500 0.120063 0.268937 0.142750 0.014750 
26.500000 0.456500 0.118813 0.271500 0.138187 0.015000 
27.000000 0.456437 0.119438 0.271375 0.137063 0.015688 
27.500000 0.459250 0.118875 0.272688 0.133187 0.016000 
28.000000 0.459062 0.119438 0.273062 0.132000 0.016438 
28.500000 0.461062 0.118813 0.273875 0.129188 0.017063 
29.000000 0.463375 0.117875 0.272688 0.128375 0.017687 
29.500000 0.463750 0.118125 0.275750 0.123938 0.018437 
30.000000 0.464813 0.118375 0.276813 0.121313 0.018687 
30.500000 0.465500 0.119000 0.276562 0.119500 0.019437 
31.000000 0.467250 0.119313 0.277750 0.115750 0.019938 
31.500000 0.468813 0.118438 0.277313 0.115312 0.020125 
32.000000 0.471250 0.117938 0.277000 0.112875 0.020938 
32.500000 0.473625 0.116750 0.275625 0.112500 0.021500 
33.000000 0.475438 0.116875 0.275313 0.110312 0.022062 
33.500000 0.475500 0.117563 0.276687 0.107438 0.022812 
34.000000 0.479500 0.114625 0.278938 0.103563 0.023375 
34.500000 0.482687 0.112312 0.278062 0.102875 0.024063 
35.000000 0.484063 0.112687 0.279562 0.099187 0.024500 
35.500000 0.484563 0.113812 0.281313 0.095187 0.025125 
36.000000 0.489563 0.109812 0.283562 0.091125 0.025937 
36.500000 0.490750 0.109812 0.285250 0.087875 0.026312 
37.000000 0.491875 0.110312 0.284875 0.086000 0.026937 
37.500000 0.491875 0.111375 0.284500 0.084500 0.027750 
38.000000 0.493688 0.109750 0.285000 0.083312 0.028250 
38.500000 0.495750 0.108625 0.285000 0.080937 0.029687 
39.000000 0.497750 0.108563 0.284125 0.079750 0.029812 
39.500000 0.498563 0.109313 0.282562 0.079125 0.030437 
40.000000 0.498625 0.110125 0.282625 0.077688 0.030937 
40.500000 0.500125 0.109875 0.283875 0.074188 0.031938 
41.000000 0.503188 0.107250 0.283938 0.072938 0.032688 
41.500000 0.507188 0.104188 0.283062 0.072313 0.033250 
42.000000 0.511437 0.100500 0.284687 0.069937 0.033438 
42.500000 0.510500 0.102125 0.285813 0.067250 0.034313 
43.000000 0.510312 0.103000 0.285438 0.066562 0.034688 
43.500000 0.511000 0.103438 0.285625 0.064375 0.035562 
44.000000 0.513062 0.101625 0.284562 0.064812 0.035937 
44.500000 0.518250 0.098312 0.285625 0.061687 0.036125 
45.000000 0.519687 0.097500 0.284687 0.061062 0.037062 
45.500000 0.522938 0.095500 0.283750 0.060500 0.037312 
46.000000 0.524438 0.094625 0.283187 0.059750 0.038000 
46.500000 0.524625 0.095062 0.283500 0.057875 0.038937 
47.000000 0.527250 0.094187 0.282375 0.057000 0.039188 
47.500000 0.526750 0.095000 0.282313 0.055688 0.040250 
48.000000 0.529062 0.094062 0.282000 0.054000 0.040875 
48.500000 0.531937 0.092375 0.281000 0.053250 0.041438 
49.000000 0.531750 0.093750 0.281250 0.051500 0.041750 
49.500000 0.533500 0.092750 0.280438 0.050937 0.042375 
50.000000 0.534250 0.092875 0.279250 0.051125 0.042500 
50.500000 0.536312 0.091938 0.278438 0.050313 0.043000 
51.000000 0.539188 0.089063 0.278750 0.049625 0.043375 
51.500000 0.539500 0.089438 0.279250 0.047438 0.044375 
52.000000 0.540562 0.089438 0.278938 0.046437 0.044625 
52.500000 0.542312 0.088250 0.277625 0.046250 0.045562 
53.000000 0.542063 0.089000 0.277750 0.045062 0.046125 
53.500000 0.545438 0.086625 0.278375 0.043500 0.046062 
54.000000 0.545250 0.087063 0.278938 0.041813 0.046938 
54.500000 0.546937 0.086750 0.278062 0.041250 0.047000 
55.000000 0.548438 0.085875 0.276125 0.041688 0.047875 
55.500000 0.551125 0.082875 0.275187 0.041875 0.048938 
56.000000 0.553562 0.081687 0.274687 0.040438 0.049625 
56.500000 0.553625 0.081812 0.275250 0.039313 0.050000 
57.000000 0.553875 0.082125 0.274625 0.039188 0.050188 
57.500000 0.555688 0.080687 0.275250 0.037812 0.050563 
58.000000 0.555125 0.081687 0.274938 0.037250 0.051000 
58.500000 0.558312 0.078875 0.275875 0.035250 0.051687 
59.000000 0.558937 0.078625 0.273062 0.037250 0.052125 
59.500000 0.560937 0.076750 0.272937 0.036750 0.052625 
60.000000 0.562125 0.076125 0.272500 0.036062 0.053187 
60.500000 0.565375 0.073750 0.271688 0.035687 0.053500 
61.000000 0.565750 0.074125 0.270813 0.035375 0.053937 
61.500000 0.566312 0.073625 0.270688 0.034625 0.054750 
62.000000 0.567375 0.073250 0.268688 0.035063 0.055625 
62.500000 0.569187 0.071500 0.270000 0.033063 0.056250 
63.000000 0.570312 0.070750 0.270313 0.032313 0.056313 
63.500000 0.571500 0.070500 0.269375 0.032125 0.056500 
64.000000 0.569688 0.072188 0.268625 0.032813 0.056688 
64.500000 0.572750 0.069437 0.269250 0.031438 0.057125 
65.000000 0.571750 0.070688 0.268500 0.031500 0.057563 
65.500000 0.574063 0.068812 0.268562 0.030562 0.058000 
66.000000 0.574438 0.068687 0.268500 0.030312 0.058063 
66.500000 0.577375 0.066875 0.267000 0.030687 0.058063 
67.000000 0.576812 0.067875 0.267062 0.029562 0.058687 
67.500000 0.577812 0.067562 0.266125 0.029875 0.058625 
68.000000 0.578500 0.067562 0.265062 0.029687 0.059187 
68.500000 0.577688 0.068562 0.266375 0.028000 0.059375 
69.000000 0.579875 0.066375 0.266125 0.027187 0.060437 
69.500000 0.579125 0.067125 0.265625 0.027062 0.061062 
70.000000 0.579937 0.067250 0.264188 0.027250 0.061375 
70.500000 0.581812 0.065687 0.265125 0.025562 0.061812 
71.000000 0.582500 0.064937 0.264188 0.026062 0.062312 
71.500000 0.582313 0.065812 0.263750 0.025313 0.062812 
72.000000 0.583688 0.065125 0.262875 0.025063 0.063250 
72.500000 0.585250 0.064500 0.261750 0.024875 0.063625 
73.000000 0.583187 0.066812 0.261625 0.024438 0.063937 
73.500000 0.584562 0.065625 0.260813 0.023875 0.065125 
74.000000 0.585438 0.065437 0.260313 0.023375 0.065437 
74.500000 0.588250 0.062750 0.259562 0.023750 0.065687 
75.000000 0.588375 0.063250 0.259062 0.023062 0.066250 
75.500000 0.590125 0.061812 0.258375 0.022812 0.066875 
76.000000 0.592000 0.060250 0.257375 0.023187 0.067187 
76.500000 0.589938 0.062625 0.257000 0.022812 0.067625 
77.000000 0.591875 0.061125 0.256000 0.022812 0.068187 
77.500000 0.591000 0.062375 0.255250 0.023000 0.068375 
78.000000 0.592938 0.061562 0.255688 0.021188 0.068625 
78.500000 0.591562 0.062687 0.255875 0.020875 0.069000 
79.000000 0.593875 0.061000 0.254812 0.021125 0.069187 
79.500000 0.594063 0.061500 0.253125 0.021687 0.069625 
80.000000 0.594938 0.061000 0.252437 0.021313 0.070312 
80.500000 0.595688 0.060500 0.252250 0.020875 0.070688 
81.000000 0.595375 0.061125 0.251563 0.020750 0.071188 
81.500000 0.596500 0.060687 0.250875 0.020625 0.071313 
82.000000 0.597625 0.060000 0.250125 0.020500 0.071750 
82.500000 0.596375 0.061125 0.249812 0.020438 0.072250 
83.000000 0.597875 0.060500 0.250000 0.019000 0.072625 
83.500000 0.598750 0.059875 0.248625 0.020063 0.072688 
84.000000 0.595562 0.063000 0.248188 0.019813 0.073438 
84.500000 0.596250 0.063250 0.248000 0.018687 0.073813 
85.000000 0.597875 0.061500 0.247625 0.019125 0.073875 
85.500000 0.597688 0.062437 0.246812 0.018625 0.074438 
86.000000 0.601125 0.059750 0.246125 0.018062 0.074938 
86.500000 0.601562 0.059125 0.246000 0.017875 0.075438 
87.000000 0.602000 0.059250 0.245500 0.017438 0.075813 
87.500000 0.601187 0.060500 0.245125 0.017438 0.075750 
88.000000 0.600375 0.061437 0.246125 0.016313 0.075750 
88.500000 0.600938 0.060812 0.245875 0.016250 0.076125 
89.000000 0.601938 0.060250 0.245312 0.015938 0.076563 
89.500000 0.602812 0.059625 0.244438 0.016250 0.076875 
90.000000 0.603000 0.060187 0.242875 0.016625 0.077313 
90.500000 0.603375 0.060187 0.242375 0.016313 0.077750 
91.000000 0.603000 0.060562 0.242438 0.015625 0.078375 
91.500000 0.605062 0.058875 0.242125 0.015500 0.078437 
92.000000 0.605062 0.059125 0.241375 0.015562 0.078875 
92.500000 0.605313 0.059250 0.240625 0.015312 0.079500 
93.000000 0.604000 0.061187 0.239063 0.015688 0.080062 
93.500000 0.603375 0.061687 0.238375 0.016000 0.080562 
94.000000 0.604625 0.060750 0.238125 0.015688 0.080812 
94.500000 0.605250 0.060937 0.237000 0.015375 0.081437 
95.000000 0.606250 0.060250 0.236313 0.015500 0.081687 
95.500000 0.606000 0.060562 0.237063 0.014000 0.082375 
96.000000 0.606000 0.060625 0.236375 0.014438 0.082562 
96.500000 0.604187 0.062875 0.236375 0.013562 0.083000 
97.000000 0.605500 0.061812 0.235250 0.014000 0.083437 
97.500000 0.605750 0.061625 0.235313 0.013437 0.083875 
98.000000 0.605000 0.062437 0.234563 0.013688 0.084312 
98.500000 0.607313 0.060750 0.233687 0.013562 0.084687 
99.000000 0.609187 0.059125 0.233437 0.013500 0.084750 
99.500000 0.607187 0.061125 0.232875 0.013625 0.085187 
100.000000 0.607750 0.061312 0.231000 0.014188 0.085750 
100.500000 0.611313 0.058063 0.231063 0.013625 0.085938 
101.000000 0.611500 0.057688 0.230250 0.013437 0.087125 
101.500000 0.612187 0.057688 0.230000 0.013062 0.087063 
102.000000 0.612062 0.057813 0.229313 0.013250 0.087563 
102.500000 0.612875 0.057563 0.228813 0.012688 0.088063 
103.000000 0.610375 0.060437 0.228000 0.012563 0.088625 
103.500000 0.612812 0.058438 0.227625 0.012250 0.088875 
104.000000 0.613500 0.057938 0.227063 0.012313 0.089188 
104.500000 0.615437 0.056375 0.226438 0.012188 0.089563 
105.000000 0.612250 0.059875 0.225812 0.012063 0.090000 
105.500000 0.611688 0.060687 0.225688 0.011813 0.090125 
106.000000 0.612500 0.060250 0.225188 0.011437 0.090625 
106.500000 0.615875 0.057063 0.223500 0.012125 0.091438 
107.000000 0.613062 0.060000 0.223125 0.011750 0.092063 
107.500000 0.614000 0.059687 0.222625 0.011500 0.092188 
108.000000 0.615625 0.058375 0.222062 0.011125 0.092813 
108.500000 0.615000 0.059250 0.221125 0.011312 0.093313 
109.000000 0.616313 0.058375 0.220750 0.010812 0.093750 
109.500000 0.615437 0.059250 0.219812 0.011437 0.094062 
110.000000 0.617000 0.058313 0.220062 0.010250 0.094375 
110.500000 0.618437 0.057188 0.218438 0.010875 0.095062 
111.000000 0.619313 0.056563 0.218125 0.010313 0.095687 
111.500000 0.620250 0.056125 0.216812 0.010875 0.095937 
112.000000 0.619812 0.056500 0.216688 0.010688 0.096312 
112.500000 0.619687 0.057000 0.217562 0.009500 0.096250 
113.000000 0.619812 0.057063 0.216188 0.010063 0.096875 
113.500000 0.621500 0.055938 0.214938 0.009687 0.097937 
114.000000 0.619437 0.057688 0.215688 0.009187 0.098000 
114.500000 0.619437 0.057938 0.214250 0.009938 0.098437 
115.000000 0.620313 0.057750 0.213000 0.009938 0.099000 
115.500000 0.620750 0.057375 0.212125 0.010438 0.099312 
116.000000 0.619625 0.058563 0.211500 0.010625 0.099687 
116.500000 0.620188 0.058125 0.211312 0.010500 0.099875 
117.000000 0.619500 0.059437 0.210500 0.010125 0.100437 
117.500000 0.620250 0.058812 0.210000 0.010313 0.100625 
118.000000 0.620750 0.058375 0.209313 0.010438 0.101125 
118.500000 0.618938 0.060312 0.208437 0.010875 0.101437 
119.000000 0.622313 0.057438 0.208313 0.010000 0.101938 
119.500000 0.624125 0.056250 0.207437 0.010125 0.102063 
120.000000 0.623062 0.057813 0.206313 0.010125 0.102688 
120.500000 0.624125 0.056813 0.206187 0.009875 0.103000 
121.000000 0.622812 0.058500 0.205687 0.009625 0.103375 
121.500000 0.625812 0.055750 0.205500 0.009000 0.103938 
122.000000 0.624125 0.057688 0.204500 0.009375 0.104313 
122.500000 0.624500 0.057563 0.203937 0.009625 0.104375 
123.000000 0.625500 0.057063 0.203500 0.009125 0.104813 
123.500000 0.625125 0.057625 0.203313 0.009187 0.104750 
124.000000 0.626375 0.056750 0.202813 0.009000 0.105063 
124.500000 0.625313 0.058125 0.202687 0.009000 0.104875 
125.000000 0.626125 0.057500 0.202375 0.008812 0.105188 
125.500000 0.626750 0.056813 0.201813 0.009312 0.105313 
126.000000 0.627313 0.057063 0.200625 0.009250 0.105750 
126.500000 0.624875 0.059375 0.200625 0.008688 0.106438 
127.000000 0.626313 0.057813 0.201063 0.008188 0.106625 
127.500000 0.626000 0.058250 0.199750 0.008875 0.107125 
128.000000 0.624687 0.060187 0.198625 0.009312 0.107188 
128.500000 0.625500 0.058937 0.198875 0.008875 0.107813 
129.000000 0.626062 0.058563 0.198000 0.009437 0.107938 
129.500000 0.625875 0.058812 0.198187 0.009125 0.108000 
130.000000 0.625625 0.059437 0.197937 0.008875 0.108125 
130.500000 0.626687 0.058625 0.197437 0.008937 0.108313 
131.000000 0.627125 0.058188 0.197187 0.008812 0.108688 
131.500000 0.627875 0.058063 0.196875 0.008750 0.108438 
132.000000 0.627687 0.058375 0.197437 0.007625 0.108875 
132.500000 0.627563 0.058937 0.196375 0.008000 0.109125 
133.000000 0.628687 0.058000 0.195500 0.008313 0.109500 
133.500000 0.628062 0.059000 0.195563 0.008250 0.109125 
134.000000 0.629625 0.057500 0.194938 0.007938 0.110000 
134.500000 0.628687 0.058313 0.194500 0.008313 0.110187 
135.000000 0.630375 0.057188 0.193500 0.008500 0.110437 
135.500000 0.628188 0.059750 0.193000 0.008250 0.110812 
136.000000 0.628563 0.059625 0.192250 0.008438 0.111125 
136.500000 0.627500 0.060562 0.192938 0.007313 0.111687 
137.000000 0.629500 0.058563 0.192688 0.007063 0.112187 
137.500000 0.629938 0.058375 0.191750 0.007313 0.112625 
138.000000 0.629437 0.059250 0.190812 0.007500 0.113000 
138.500000 0.629437 0.058937 0.190688 0.007562 0.113375 
139.000000 0.629062 0.059687 0.190250 0.007313 0.113687 
139.500000 0.630875 0.058063 0.189375 0.007812 0.113875 
140.000000 0.633375 0.056313 0.188688 0.007313 0.114312 
140.500000 0.631625 0.058188 0.188750 0.007375 0.114062 
141.000000 0.632125 0.057438 0.188375 0.007500 0.114562 
141.500000 0.631125 0.058750 0.188125 0.007125 0.114875 
142.000000 0.631563 0.058438 0.187750 0.007313 0.114937 
142.500000 0.629125 0.060812 0.187000 0.007875 0.115187 
143.000000 0.633250 0.057625 0.185750 0.007812 0.115562 
143.500000 0.631313 0.060312 0.185375 0.007313 0.115687 
144.000000 0.631437 0.060312 0.184438 0.008000 0.115812 
144.500000 0.632625 0.059312 0.184062 0.007750 0.116250 
145.000000 0.633125 0.059062 0.183625 0.007812 0.116375 
145.500000 0.632062 0.060375 0.183250 0.007437 0.116875 
146.000000 0.633625 0.058625 0.182875 0.007750 0.117125 
146.500000 0.636125 0.055875 0.183250 0.007313 0.117438 
147.000000 0.635938 0.056750 0.182562 0.007437 0.117313 
147.500000 0.634500 0.058750 0.181438 0.007625 0.117688 
148.000000 0.634062 0.059687 0.180750 0.007625 0.117875 
148.500000 0.634938 0.058375 0.180625 0.007625 0.118438 
149.000000 0.635188 0.058625 0.180688 0.007000 0.118500 
149.500000 0.636875 0.057625 0.179500 0.007188 0.118813 
150.000000 0.635813 0.058375 0.180250 0.006750 0.118813 
150.500000 0.637312 0.057375 0.179625 0.006562 0.119125 
151.000000 0.636125 0.058625 0.179875 0.006063 0.119313 
151.500000 0.637750 0.056875 0.179125 0.006938 0.119313 
152.000000 0.636125 0.058563 0.178813 0.006500 0.120000 
152.500000 0.636437 0.059062 0.178813 0.005812 0.119875 
153.000000 0.638312 0.057438 0.177937 0.006125 0.120188 
153.500000 0.638687 0.057563 0.176687 0.006437 0.120625 
154.000000 0.638625 0.057938 0.176563 0.006125 0.120750 
154.500000 0.639000 0.057688 0.176187 0.006625 0.120500 
155.000000 0.639625 0.057625 0.175187 0.006375 0.121188 
155.500000 0.638188 0.058687 0.174875 0.006687 0.121563 
156.000000 0.639938 0.057250 0.173750 0.006750 0.122313 
156.500000 0.638125 0.059250 0.174625 0.006063 0.121938 
157.000000 0.638000 0.059812 0.173375 0.006375 0.122438 
157.500000 0.634687 0.063125 0.173500 0.006437 0.122250 
158.000000 0.637062 0.061062 0.173375 0.006063 0.122438 
158.500000 0.636000 0.062187 0.173000 0.006313 0.122500 
159.000000 0.636938 0.061812 0.172750 0.005562 0.122938 
159.500000 0.637000 0.061625 0.172750 0.005625 0.123000 
160.000000 0.638437 0.060125 0.172750 0.005437 0.123250 
160.500000 0.640312 0.058875 0.172500 0.005063 0.123250 
161.000000 0.640687 0.058750 0.172187 0.004938 0.123438 
161.500000 0.640875 0.058625 0.171000 0.005500 0.124000 
162.000000 0.640188 0.059625 0.170000 0.006063 0.124125 
162.500000 0.638563 0.061187 0.170000 0.005625 0.124625 
163.000000 0.640375 0.059625 0.169563 0.005625 0.124813 
163.500000 0.640375 0.059437 0.169563 0.005188 0.125438 
164.000000 0.639625 0.060562 0.168625 0.005437 0.125750 
164.500000 0.639188 0.061562 0.167687 0.005750 0.125812 
165.000000 0.637875 0.062812 0.167813 0.005562 0.125938 
165.500000 0.637687 0.063250 0.167187 0.005375 0.126500 
166.000000 0.637250 0.063750 0.166875 0.005687 0.126438 
166.500000 0.637563 0.063375 0.166187 0.005938 0.126938 
167.000000 0.639000 0.062375 0.166125 0.005875 0.126625 
167.500000 0.638250 0.063750 0.164625 0.006125 0.127250 
168.000000 0.640563 0.061375 0.164250 0.006375 0.127438 
168.500000 0.638813 0.063500 0.163500 0.006437 0.127750 
169.000000 0.638375 0.064062 0.164000 0.006000 0.127562 
169.500000 0.642250 0.060625 0.163625 0.005625 0.127875 
170.000000 0.641312 0.061625 0.163438 0.005875 0.127750 
170.500000 0.642437 0.060500 0.163000 0.005812 0.128250 
171.000000 0.642625 0.060187 0.162562 0.006188 0.128438 
171.500000 0.641312 0.061687 0.161938 0.006250 0.128812 
172.000000 0.641437 0.061750 0.161438 0.006250 0.129125 
172.500000 0.641687 0.061875 0.161375 0.005938 0.129125 
173.000000 0.641813 0.062125 0.160125 0.006375 0.129562 
173.500000 0.644062 0.059687 0.160188 0.006375 0.129688 
174.000000 0.643563 0.060437 0.160438 0.006063 0.129500 
174.500000 0.642938 0.061312 0.160562 0.005437 0.129750 
175.000000 0.644188 0.060437 0.159938 0.005562 0.129875 
175.500000 0.643750 0.060937 0.159375 0.005812 0.130125 
176.000000 0.642188 0.062562 0.159125 0.005875 0.130250 
176.500000 0.643062 0.061562 0.158812 0.005875 0.130688 
177.000000 0.643938 0.060875 0.159062 0.005437 0.130688 
177.500000 0.645062 0.059937 0.158125 0.006188 0.130688 
178.000000 0.642625 0.062312 0.157750 0.006125 0.131188 
178.500000 0.643062 0.062187 0.157625 0.006063 0.131062 
179.000000 0.644750 0.060500 0.157375 0.006125 0.131250 
179.500000 0.642000 0.063562 0.157438 0.005250 0.131750 
180.000000 0.644625 0.061000 0.156938 0.005500 0.131938 
180.500000 0.644500 0.061125 0.156500 0.005750 0.132125 
181.000000 0.645125 0.060750 0.156375 0.005250 0.132500 
181.500000 0.645437 0.061062 0.155688 0.005188 0.132625 
182.000000 0.645500 0.061187 0.155188 0.005000 0.133125 
182.500000 0.645375 0.061000 0.154875 0.005313 0.133437 
183.000000 0.646250 0.060250 0.154562 0.005063 0.133875 
183.500000 0.645625 0.060812 0.154062 0.005000 0.134500 
184.000000 0.647875 0.058812 0.153938 0.004875 0.134500 
184.500000 0.646563 0.060250 0.153688 0.005125 0.134375 
185.000000 0.648188 0.058875 0.152312 0.005750 0.134875 
185.500000 0.650125 0.057000 0.152562 0.005063 0.135250 
186.000000 0.649687 0.057625 0.151500 0.005812 0.135375 
186.500000 0.649000 0.058250 0.151250 0.005750 0.135750 
187.000000 0.650000 0.058063 0.150688 0.005437 0.135813 
187.500000 0.649250 0.058875 0.150938 0.004875 0.136063 
188.000000 0.648312 0.059750 0.150938 0.004812 0.136187 
188.500000 0.647125 0.060937 0.150438 0.004750 0.136750 
189.000000 0.648563 0.059750 0.149688 0.005437 0.136563 
189.500000 0.647938 0.060750 0.149000 0.005375 0.136937 
190.000000 0.648125 0.060250 0.149062 0.005313 0.137250 
190.500000 0.648375 0.060562 0.148063 0.005437 0.137563 
191.000000 0.645687 0.063375 0.147187 0.005875 0.137875 
191.500000 0.647625 0.061312 0.147750 0.005437 0.137875 
192.000000 0.646437 0.062687 0.147437 0.005188 0.138250 
192.500000 0.646312 0.062937 0.147187 0.005125 0.138437 
193.000000 0.647500 0.062312 0.146500 0.005188 0.138500 
193.500000 0.647250 0.062625 0.145625 0.005687 0.138813 
194.000000 0.647375 0.062875 0.145250 0.005375 0.139125 
194.500000 0.648250 0.062125 0.145250 0.005125 0.139250 
195.000000 0.647687 0.062687 0.145500 0.004875 0.139250 
195.500000 0.648312 0.061937 0.145313 0.005313 0.139125 
196.000000 0.649438 0.061437 0.144813 0.004875 0.139437 
196.500000 0.650750 0.060250 0.144187 0.005188 0.139625 
197.000000 0.652125 0.059125 0.143500 0.005313 0.139937 
197.500000 0.650750 0.060312 0.143563 0.004938 0.140437 
198.000000 0.652750 0.058750 0.143125 0.004750 0.140625 
198.500000 0.651125 0.060562 0.142687 0.005125 0.140500 
199.000000 0.652312 0.059500 0.142125 0.005063 0.141000 
199.500000 0.652000 0.059875 0.142000 0.005250 0.140875 
200.000000 0.651687 0.060187 0.142437 0.004625 0.141063 
200.500000 0.652813 0.059625 0.141500 0.004687 0.141375 
201.000000 0.654750 0.057563 0.141375 0.004687 0.141625 
201.500000 0.655625 0.056563 0.141750 0.004437 0.141625 
202.000000 0.652687 0.059687 0.141000 0.004750 0.141875 
202.500000 0.653312 0.059250 0.140813 0.004437 0.142187 
203.000000 0.653937 0.058625 0.140813 0.004313 0.142313 
203.500000 0.655625 0.057250 0.140687 0.004188 0.142250 
204.000000 0.656687 0.056500 0.139437 0.004562 0.142813 
204.500000 0.655563 0.057375 0.139375 0.004562 0.143125 
205.000000 0.656687 0.056500 0.139063 0.004500 0.143250 
205.500000 0.657312 0.056125 0.138187 0.005000 0.143375 
206.000000 0.656062 0.057625 0.138313 0.004625 0.143375 
206.500000 0.656312 0.057813 0.137250 0.004812 0.143813 
207.000000 0.655500 0.058625 0.137063 0.004875 0.143937 
207.500000 0.654375 0.060312 0.136187 0.004938 0.144187 
208.000000 0.656625 0.058188 0.135437 0.005313 0.144437 
208.500000 0.656750 0.058125 0.135250 0.005313 0.144563 
209.000000 0.657875 0.057438 0.134750 0.004812 0.145125 
209.500000 0.658625 0.057063 0.133750 0.004812 0.145750 
210.000000 0.659062 0.056625 0.133313 0.005063 0.145937 
210.500000 0.661312 0.054562 0.132875 0.005125 0.146125 
211.000000 0.658625 0.057063 0.133437 0.004875 0.146000 
211.500000 0.660438 0.055313 0.132937 0.004938 0.146375 
212.000000 0.659813 0.055750 0.133500 0.004562 0.146375 
212.500000 0.660000 0.055250 0.133125 0.005250 0.146375 
213.000000 0.658687 0.056750 0.132312 0.005437 0.146813 
213.500000 0.658438 0.057438 0.131875 0.005500 0.146750 
214.000000 0.656062 0.059875 0.131312 0.005625 0.147125 
214.500000 0.656687 0.059812 0.130812 0.005500 0.147187 
215.000000 0.657375 0.059437 0.130625 0.005063 0.147500 
215.500000 0.659000 0.058250 0.130062 0.005000 0.147687 
216.000000 0.658188 0.059250 0.129125 0.005000 0.148438 
216.500000 0.659062 0.058438 0.128875 0.005125 0.148500 
217.000000 0.658188 0.059062 0.128812 0.005000 0.148938 
217.500000 0.657250 0.060000 0.128875 0.004812 0.149062 
218.000000 0.659438 0.057875 0.128188 0.005250 0.149250 
218.500000 0.659125 0.058563 0.128062 0.004750 0.149500 
219.000000 0.658188 0.059250 0.127812 0.005063 0.149688 
219.500000 0.659875 0.057938 0.128125 0.004750 0.149312 
220.000000 0.660000 0.058000 0.127438 0.004812 0.149750 
220.500000 0.658125 0.059875 0.127188 0.004625 0.150188 
221.000000 0.660062 0.058250 0.126125 0.005063 0.150500 
221.500000 0.659125 0.059500 0.125562 0.005063 0.150750 
222.000000 0.661312 0.057563 0.124438 0.005812 0.150875 
222.500000 0.660188 0.059000 0.124688 0.004875 0.151250 
223.000000 0.660687 0.058625 0.123625 0.005812 0.151250 
223.500000 0.660500 0.058500 0.124563 0.005125 0.151312 
224.000000 0.660438 0.058812 0.123625 0.005500 0.151625 
224.500000 0.658750 0.060687 0.123813 0.004875 0.151875 
225.000000 0.660062 0.059812 0.123313 0.004875 0.151938 
225.500000 0.659937 0.060437 0.122750 0.004625 0.152250 
226.000000 0.663125 0.057438 0.122438 0.004500 0.152500 
226.500000 0.661500 0.058937 0.122563 0.004625 0.152375 
227.000000 0.662937 0.057875 0.122313 0.004437 0.152438 
227.500000 0.664438 0.056375 0.121938 0.004500 0.152750 
228.000000 0.665000 0.056000 0.121688 0.004313 0.153000 
228.500000 0.664062 0.057063 0.121313 0.004500 0.153062 
229.000000 0.665562 0.055938 0.120813 0.004500 0.153188 
229.500000 0.664250 0.057063 0.120875 0.004562 0.153250 
230.000000 0.664062 0.057438 0.120250 0.004938 0.153312 
230.500000 0.664375 0.057438 0.119750 0.004750 0.153688 
231.000000 0.663312 0.058313 0.119438 0.004938 0.154000 
231.500000 0.663500 0.058313 0.119375 0.004437 0.154375 
232.000000 0.661563 0.060625 0.119250 0.004250 0.154312 
232.500000 0.663563 0.058500 0.119313 0.004437 0.154188 
233.000000 0.663125 0.058812 0.119188 0.004562 0.154312 
233.500000 0.661937 0.059875 0.119313 0.004375 0.154500 
234.000000 0.661563 0.060562 0.119000 0.004313 0.154562 
234.500000 0.661687 0.060500 0.119125 0.004000 0.154688 
235.000000 0.663000 0.060062 0.118500 0.003875 0.154562 
235.500000 0.662125 0.060875 0.118125 0.004000 0.154875 
236.000000 0.662813 0.060500 0.117563 0.004188 0.154938 
236.500000 0.664250 0.059000 0.117625 0.004125 0.155000 
237.000000 0.664250 0.058875 0.116875 0.004938 0.155062 
237.500000 0.662375 0.061312 0.116187 0.004750 0.155375 
238.000000 0.662687 0.060625 0.116625 0.004687 0.155375 
238.500000 0.662875 0.060625 0.116500 0.004313 0.155688 
239.000000 0.664062 0.059750 0.116437 0.003750 0.156000 
239.500000 0.663188 0.061000 0.115562 0.004063 0.156188 
240.000000 0.662000 0.062062 0.115750 0.003938 0.156250 
240.500000 0.662687 0.061750 0.115187 0.004063 0.156312 
241.000000 0.664875 0.059687 0.114875 0.004000 0.156562 
241.500000 0.666687 0.057875 0.114250 0.004188 0.157000 
242.000000 0.667000 0.057625 0.113750 0.004500 0.157125 
242.500000 0.665750 0.059250 0.113312 0.004250 0.157438 
243.000000 0.665813 0.059250 0.113000 0.004375 0.157562 
243.500000 0.663500 0.061625 0.112250 0.004750 0.157875 
244.000000 0.664875 0.060812 0.112187 0.004313 0.157812 
244.500000 0.664375 0.060812 0.112312 0.004625 0.157875 
245.000000 0.666188 0.059250 0.112062 0.004562 0.157938 
245.500000 0.667250 0.058563 0.112062 0.004500 0.157625 
246.000000 0.664438 0.061375 0.111687 0.004625 0.157875 
246.500000 0.666000 0.059875 0.111500 0.004437 0.158188 
247.000000 0.664937 0.061312 0.110437 0.004938 0.158375 
247.500000 0.665500 0.060750 0.111187 0.004063 0.158500 
248.000000 0.664937 0.061437 0.110937 0.003875 0.158750 
248.500000 0.665937 0.060625 0.110250 0.004250 0.158938 
249.000000 0.668063 0.058687 0.109812 0.004250 0.159188 
249.500000 0.666750 0.059937 0.109687 0.004063 0.159562 
250.000000 0.668063 0.058563 0.110000 0.003938 0.159438 
250.500000 0.668063 0.058875 0.109687 0.004063 0.159312 
251.000000 0.666813 0.059625 0.110250 0.003938 0.159375 
251.500000 0.668625 0.058125 0.109375 0.004188 0.159688 
252.000000 0.668500 0.058250 0.108938 0.004375 0.159938 
252.500000 0.670562 0.055938 0.109313 0.004313 0.159875 
253.000000 0.669750 0.056688 0.109125 0.004500 0.159938 
253.500000 0.669250 0.057313 0.108375 0.004750 0.160312 
254.000000 0.670375 0.056375 0.108188 0.004687 0.160375 
254.500000 0.670000 0.056813 0.108000 0.004500 0.160688 
255.000000 0.668562 0.058000 0.108000 0.004625 0.160812 
255.500000 0.669375 0.057375 0.107375 0.005000 0.160875 
256.000000 0.670562 0.055813 0.107563 0.005000 0.161062 
256.500000 0.670875 0.055813 0.107938 0.004188 0.161188 
257.000000 0.669750 0.056938 0.107188 0.004938 0.161188 
257.500000 0.671562 0.055500 0.106250 0.005000 0.161688 
258.000000 0.672063 0.055375 0.105938 0.004750 0.161875 
258.500000 0.669937 0.057625 0.105938 0.004437 0.162062 
259.000000 0.669000 0.058563 0.105625 0.004313 0.162500 
259.500000 0.670375 0.057438 0.105188 0.004562 0.162438 
260.000000 0.669125 0.058438 0.105250 0.004250 0.162938 
260.500000 0.670813 0.056688 0.104938 0.004625 0.162938 
261.000000 0.670063 0.057438 0.104500 0.004938 0.163062 
261.500000 0.668937 0.058625 0.104000 0.005250 0.163188 
262.000000 0.671125 0.056563 0.103813 0.005188 0.163312 
262.500000 0.671375 0.056438 0.103813 0.004687 0.163688 
263.000000 0.671937 0.056000 0.103125 0.005125 0.163812 
263.500000 0.672125 0.056125 0.103188 0.004875 0.163688 
264.000000 0.672625 0.056063 0.102875 0.004750 0.163688 
264.500000 0.670125 0.058625 0.102063 0.004812 0.164375 
265.000000 0.668687 0.060250 0.101625 0.005000 0.164437 
265.500000 0.669188 0.059875 0.101875 0.004437 0.164625 
266.000000 0.670875 0.058438 0.101875 0.004125 0.164687 
266.500000 0.668875 0.060437 0.101750 0.004000 0.164937 
267.000000 0.671937 0.057500 0.101750 0.004000 0.164813 
267.500000 0.668438 0.061250 0.101750 0.003563 0.165000 
268.000000 0.668500 0.061375 0.101437 0.003750 0.164937 
268.500000 0.669625 0.060187 0.101375 0.003812 0.165000 
269.000000 0.670937 0.059000 0.100750 0.004188 0.165125 
269.500000 0.670562 0.058812 0.101187 0.004250 0.165187 
270.000000 0.671438 0.058563 0.100062 0.004313 0.165625 
270.500000 0.670562 0.059437 0.099687 0.004500 0.165813 
271.000000 0.669562 0.060312 0.100125 0.004125 0.165875 
271.500000 0.669562 0.060437 0.099500 0.004313 0.166187 
272.000000 0.669375 0.061000 0.098875 0.004375 0.166375 
272.500000 0.669500 0.060875 0.099125 0.003875 0.166625 
273.000000 0.667937 0.062187 0.099437 0.004000 0.166437 
273.500000 0.670250 0.059812 0.098875 0.004188 0.166875 
274.000000 0.671063 0.059437 0.098187 0.004313 0.167000 
274.500000 0.671813 0.058812 0.098875 0.003625 0.166875 
275.000000 0.672875 0.058000 0.097937 0.003812 0.167375 
275.500000 0.671250 0.059250 0.099000 0.003438 0.167063 
276.000000 0.670375 0.059937 0.098375 0.003625 0.167687 
276.500000 0.671125 0.059187 0.098750 0.003250 0.167687 
277.000000 0.670375 0.060062 0.098312 0.003438 0.167813 
277.500000 0.670813 0.060062 0.098125 0.003063 0.167937 
278.000000 0.670937 0.059812 0.098125 0.003063 0.168063 
278.500000 0.669813 0.060875 0.098125 0.003125 0.168063 
279.000000 0.672000 0.058750 0.097500 0.003375 0.168375 
279.500000 0.670813 0.060125 0.097687 0.003375 0.168000 
280.000000 0.671750 0.059000 0.097687 0.003063 0.168500 
280.500000 0.670813 0.060437 0.096562 0.003375 0.168813 
281.000000 0.672875 0.058375 0.096125 0.004063 0.168563 
281.500000 0.671312 0.059812 0.096187 0.003687 0.169000 
282.000000 0.672000 0.059500 0.095937 0.003625 0.168937 
282.500000 0.672250 0.059562 0.095437 0.003875 0.168875 
283.000000 0.673813 0.058125 0.095562 0.003312 0.169187 
283.500000 0.674438 0.057563 0.095375 0.003625 0.169000 
284.000000 0.672937 0.059437 0.095062 0.003250 0.169313 
284.500000 0.673937 0.058438 0.094937 0.003250 0.169437 
285.000000 0.673063 0.059562 0.094312 0.003187 0.169875 
285.500000 0.672687 0.060187 0.093937 0.003125 0.170063 
286.000000 0.674188 0.058563 0.093688 0.003125 0.170437 
286.500000 0.673375 0.059250 0.093937 0.003000 0.170437 
287.000000 0.673000 0.060000 0.093063 0.003438 0.170500 
287.500000 0.672125 0.060937 0.093125 0.003563 0.170250 
288.000000 0.672687 0.060750 0.092250 0.003625 0.170687 
288.500000 0.673562 0.059750 0.092375 0.003500 0.170813 
289.000000 0.674250 0.059375 0.091563 0.003563 0.171250 
289.500000 0.675937 0.057500 0.091625 0.003938 0.171000 
290.000000 0.675250 0.058125 0.091688 0.004000 0.170937 
290.500000 0.675188 0.058875 0.091188 0.003625 0.171125 
291.000000 0.674125 0.059812 0.091250 0.003750 0.171063 
291.500000 0.676125 0.057938 0.091188 0.003687 0.171063 
292.000000 0.673625 0.059937 0.091563 0.003625 0.171250 
292.500000 0.675000 0.058563 0.091625 0.003563 0.171250 
293.000000 0.674875 0.058812 0.091063 0.003875 0.171375 
293.500000 0.673813 0.059687 0.091438 0.003687 0.171375 
294.000000 0.676125 0.057688 0.091875 0.002938 0.171375 
294.500000 0.673625 0.060125 0.091500 0.003125 0.171625 
295.000000 0.675000 0.058812 0.091438 0.003125 0.171625 
295.500000 0.674500 0.059062 0.091188 0.003187 0.172063 
296.000000 0.673500 0.060187 0.090938 0.003125 0.172250 
296.500000 0.672438 0.061250 0.091000 0.003187 0.172125 
297.000000 0.672750 0.061312 0.090938 0.002875 0.172125 
297.500000 0.673312 0.061062 0.090563 0.002812 0.172250 
298.000000 0.673063 0.060875 0.090813 0.003000 0.172250 
298.500000 0.672937 0.060937 0.090813 0.003063 0.172250 
299.000000 0.674188 0.059937 0.090063 0.003000 0.172813 
299.500000 0.673625 0.060437 0.090063 0.003000 0.172875 
300.000000 0.674312 0.059812 0.089625 0.003312 0.172937 
300.500000 0.673375 0.060500 0.089688 0.003438 0.173000 
301.000000 0.674312 0.059750 0.088688 0.003563 0.173687 
301.500000 0.673125 0.061187 0.088688 0.003563 0.173437 
302.000000 0.675188 0.059125 0.088938 0.003312 0.173437 
302.500000 0.673125 0.061312 0.088563 0.003375 0.173625 
303.000000 0.672937 0.061500 0.088625 0.003063 0.173875 
303.500000 0.673562 0.060812 0.087813 0.004063 0.173750 
304.000000 0.672687 0.061812 0.087750 0.003875 0.173875 
304.500000 0.671875 0.062687 0.088188 0.003438 0.173813 
305.000000 0.673687 0.061187 0.087750 0.003438 0.173937 
305.500000 0.673188 0.061437 0.088125 0.003250 0.174000 
306.000000 0.674063 0.060562 0.087938 0.003687 0.173750 
306.500000 0.672312 0.062187 0.088438 0.003375 0.173687 
307.000000 0.673438 0.061312 0.087750 0.003500 0.174000 
307.500000 0.672813 0.061812 0.087625 0.003438 0.174313 
308.000000 0.673687 0.060937 0.087375 0.003875 0.174125 
308.500000 0.673813 0.061000 0.087563 0.003375 0.174250 
309.000000 0.671188 0.063625 0.087438 0.003500 0.174250 
309.500000 0.672000 0.062750 0.087125 0.003875 0.174250 
310.000000 0.672500 0.062312 0.087125 0.003750 0.174313 
310.500000 0.673687 0.061125 0.086375 0.004125 0.174687 
311.000000 0.673375 0.061687 0.086563 0.003750 0.174625 
311.500000 0.673937 0.061562 0.086188 0.003750 0.174563 
312.000000 0.675625 0.060187 0.085938 0.003438 0.174813 
312.500000 0.673125 0.062750 0.085812 0.003563 0.174750 
313.000000 0.675562 0.060500 0.086063 0.003500 0.174375 
313.500000 0.676875 0.059187 0.085750 0.003312 0.174875 
314.000000 0.677813 0.058188 0.085625 0.003563 0.174813 
314.500000 0.675500 0.060250 0.086063 0.003563 0.174625 
315.000000 0.676937 0.059250 0.085000 0.003750 0.175063 
315.500000 0.675063 0.060750 0.085312 0.004000 0.174875 
316.000000 0.676188 0.060000 0.084812 0.004063 0.174937 
316.500000 0.676063 0.060687 0.084062 0.004000 0.175187 
317.000000 0.676000 0.060500 0.083937 0.004063 0.175500 
317.500000 0.675500 0.061062 0.084250 0.003750 0.175437 
318.000000 0.673500 0.062937 0.083875 0.003750 0.175937 
318.500000 0.673562 0.062812 0.084500 0.003187 0.175937 
319.000000 0.674125 0.062687 0.084062 0.003063 0.176063 
319.500000 0.674000 0.062750 0.084250 0.003125 0.175875 
320.000000 0.674063 0.062812 0.083875 0.003125 0.176125 
320.500000 0.675312 0.062062 0.083250 0.003375 0.176000 
321.000000 0.675750 0.061437 0.083250 0.003312 0.176250 
321.500000 0.677750 0.059375 0.082937 0.003438 0.176500 
322.000000 0.676875 0.060125 0.083000 0.003438 0.176563 
322.500000 0.677125 0.060125 0.082625 0.003187 0.176937 
323.000000 0.675875 0.061437 0.083000 0.003063 0.176625 
323.500000 0.673937 0.063562 0.082437 0.003063 0.177000 
324.000000 0.674937 0.062750 0.082562 0.002938 0.176813 
324.500000 0.674312 0.063125 0.082500 0.002938 0.177125 
325.000000 0.675250 0.062125 0.082812 0.002875 0.176937 
325.500000 0.673438 0.063875 0.082562 0.002750 0.177375 
326.000000 0.673188 0.064187 0.082812 0.002563 0.177250 
326.500000 0.674438 0.063312 0.081500 0.003000 0.177750 
327.000000 0.673312 0.064500 0.081500 0.002687 0.178000 
327.500000 0.675312 0.062562 0.081312 0.002500 0.178313 
328.000000 0.675813 0.061750 0.081312 0.002687 0.178437 
328.500000 0.676500 0.061187 0.080875 0.002938 0.178500 
329.000000 0.675750 0.061812 0.080687 0.003063 0.178687 
329.500000 0.676500 0.060937 0.080625 0.003500 0.178437 
330.000000 0.675438 0.061937 0.080062 0.003500 0.179063 
330.500000 0.676375 0.061500 0.080062 0.003250 0.178813 
331.000000 0.675937 0.061750 0.080000 0.003250 0.179063 
331.500000 0.677125 0.060875 0.079687 0.003312 0.179000 
332.000000 0.678250 0.059937 0.079562 0.003375 0.178875 
332.500000 0.677000 0.060937 0.080250 0.003000 0.178813 
333.000000 0.675188 0.062812 0.079500 0.003500 0.179000 
333.500000 0.677063 0.061125 0.079625 0.003125 0.179063 
334.000000 0.677562 0.060500 0.079500 0.003125 0.179313 
334.500000 0.677750 0.060312 0.079687 0.002750 0.179500 
335.000000 0.677500 0.060812 0.079000 0.003125 0.179563 
335.500000 0.679875 0.058438 0.079187 0.002875 0.179625 
336.000000 0.679500 0.058875 0.079125 0.002812 0.179688 
336.500000 0.681375 0.056750 0.079250 0.002812 0.179812 
337.000000 0.679625 0.058313 0.079875 0.002500 0.179688 
337.500000 0.679375 0.058625 0.079437 0.002812 0.179750 
338.000000 0.681125 0.056875 0.078875 0.003375 0.179750 
338.500000 0.680875 0.057063 0.078937 0.003000 0.180125 
339.000000 0.681063 0.057000 0.078437 0.003375 0.180125 
339.500000 0.679937 0.058063 0.078250 0.003312 0.180438 
340.000000 0.677438 0.060750 0.078562 0.002812 0.180438 
340.500000 0.679438 0.058812 0.078000 0.003250 0.180500 
341.000000 0.678562 0.060062 0.077688 0.003063 0.180625 
341.500000 0.679438 0.058750 0.078063 0.003000 0.180750 
342.000000 0.680312 0.058188 0.077375 0.003063 0.181062 
342.500000 0.681562 0.057500 0.077500 0.002812 0.180625 
343.000000 0.681688 0.057375 0.077188 0.002812 0.180938 
343.500000 0.681813 0.057250 0.076750 0.003000 0.181188 
344.000000 0.681312 0.057750 0.076688 0.003000 0.181250 
344.500000 0.680312 0.058875 0.076750 0.002812 0.181250 
345.000000 0.682813 0.056500 0.075875 0.003250 0.181562 
345.500000 0.682125 0.057000 0.076563 0.002938 0.181375 
346.000000 0.678625 0.060125 0.076375 0.003125 0.181750 
346.500000 0.678250 0.060562 0.076500 0.002938 0.181750 
347.000000 0.677813 0.061187 0.076375 0.003000 0.181625 
347.500000 0.678063 0.060625 0.076813 0.002625 0.181875 
348.000000 0.679125 0.059625 0.076375 0.002938 0.181938 
348.500000 0.675063 0.063625 0.076000 0.002875 0.182438 
349.000000 0.677750 0.061312 0.075938 0.002687 0.182312 
349.500000 0.678125 0.060937 0.075438 0.003312 0.182188 
350.000000 0.676375 0.062500 0.075688 0.003063 0.182375 
350.500000 0.677125 0.062000 0.075438 0.002938 0.182500 
351.000000 0.676750 0.062625 0.075063 0.003125 0.182438 
351.500000 0.676500 0.062937 0.075063 0.002812 0.182688 
352.000000 0.676000 0.063437 0.074563 0.002875 0.183125 
