0.000000 0.478500 0.085000 0.257500 0.171750 0.007250 
0.500000 0.472250 0.092000 0.248000 0.180500 0.007250 
1.000000 0.480000 0.083750 0.251250 0.177750 0.007250 
1.500000 0.474250 0.090250 0.248750 0.179000 0.007750 
2.000000 0.474750 0.089000 0.248500 0.180000 0.007750 
2.500000 0.471000 0.092750 0.251250 0.177250 0.007750 
3.000000 0.478750 0.086000 0.249750 0.177750 0.007750 
3.500000 0.471750 0.092250 0.251250 0.177000 0.007750 
4.000000 0.475250 0.088000 0.252750 0.176250 0.007750 
4.500000 0.479000 0.084500 0.250000 0.178750 0.007750 
5.000000 0.474250 0.088750 0.249250 0.180000 0.007750 
5.500000 0.477000 0.086500 0.250500 0.178250 0.007750 
6.000000 0.474250 0.089000 0.248500 0.180250 0.008000 
6.500000 0.481000 0.084000 0.245250 0.181500 0.008250 
7.000000 0.486500 0.079000 0.251250 0.174750 0.008500 
7.500000 0.480500 0.083750 0.252750 0.174250 0.008750 
8.000000 0.480000 0.084000 0.259500 0.167750 0.008750 
8.500000 0.475250 0.089250 0.260000 0.166750 0.008750 
9.000000 0.474250 0.089250 0.258500 0.169000 0.009000 
9.500000 0.476250 0.088000 0.254000 0.172750 0.009000 
10.000000 0.477000 0.088750 0.253750 0.171500 0.009000 
10.500000 0.478250 0.086500 0.256250 0.170000 0.009000 
11.000000 0.478500 0.086750 0.254750 0.171000 0.009000 
11.500000 0.480250 0.084750 0.256250 0.169750 0.009000 
12.000000 0.474750 0.090500 0.261250 0.164500 0.009000 
12.500000 0.470250 0.095750 0.255250 0.169750 0.009000 
13.000000 0.480000 0.084500 0.252000 0.174250 0.009250 
13.500000 0.482000 0.083000 0.257000 0.168500 0.009500 
14.000000 0.479500 0.087250 0.255750 0.168250 0.009250 
14.500000 0.472750 0.093000 0.257750 0.167250 0.009250 
15.000000 0.476000 0.090000 0.255500 0.168750 0.009750 
15.500000 0.470250 0.095250 0.259500 0.165250 0.009750 
16.000000 0.473750 0.090750 0.254750 0.171000 0.009750 
16.500000 0.479250 0.083500 0.253750 0.173750 0.009750 
17.000000 0.471250 0.091750 0.252250 0.174750 0.010000 
17.500000 0.473000 0.090250 0.258500 0.168250 0.010000 
18.000000 0.468250 0.094250 0.256000 0.171250 0.010250 
18.500000 0.474250 0.088750 0.253250 0.173250 0.010500 
19.000000 0.468750 0.093500 0.254750 0.172500 0.010500 
19.500000 0.471000 0.090500 0.251000 0.177000 0.010500 
20.000000 0.467250 0.093000 0.248500 0.180500 0.010750 
20.500000 0.465500 0.095250 0.244750 0.183750 0.010750 
21.000000 0.466000 0.095250 0.243500 0.184750 0.010500 
21.500000 0.465250 0.096000 0.246000 0.182250 0.010500 
22.000000 0.467500 0.093750 0.252750 0.175500 0.010500 
22.500000 0.467250 0.093500 0.253250 0.175500 0.010500 
23.000000 0.472500 0.088250 0.254750 0.174000 0.010500 
23.500000 0.471750 0.089000 0.256500 0.172000 0.010750 
24.000000 0.476750 0.083750 0.258000 0.170750 0.010750 
24.500000 0.476250 0.083000 0.259750 0.170250 0.010750 
25.000000 0.475250 0.084500 0.257750 0.171750 0.010750 
25.500000 0.475500 0.084250 0.255500 0.174000 0.010750 
26.000000 0.471750 0.087500 0.258250 0.171500 0.011000 
26.500000 0.472750 0.086250 0.260750 0.169500 0.010750 
27.000000 0.471250 0.088500 0.260500 0.169000 0.010750 
27.500000 0.467750 0.092250 0.257000 0.172250 0.010750 
28.000000 0.469000 0.091500 0.259500 0.169000 0.011000 
28.500000 0.464000 0.095000 0.259500 0.170500 0.011000 
29.000000 0.472500 0.086750 0.259250 0.170500 0.011000 
29.500000 0.468750 0.089750 0.260500 0.169750 0.011250 
30.000000 0.470250 0.088750 0.260250 0.169000 0.011750 
30.500000 0.460750 0.097750 0.260250 0.169250 0.012000 
31.000000 0.469250 0.089500 0.256250 0.172750 0.012250 
31.500000 0.470750 0.087750 0.257250 0.172000 0.012250 
32.000000 0.468000 0.091000 0.257500 0.171250 0.012250 
32.500000 0.462750 0.096750 0.257250 0.171000 0.012250 
33.000000 0.469750 0.090000 0.260000 0.167750 0.012500 
33.500000 0.463000 0.096750 0.260000 0.167750 0.012500 
34.000000 0.471250 0.089250 0.258500 0.169000 0.012000 
34.500000 0.473500 0.087250 0.250000 0.177500 0.011750 
35.000000 0.472500 0.086750 0.246750 0.181750 0.012250 
35.500000 0.472750 0.086750 0.254000 0.174000 0.012500 
36.000000 0.473250 0.085000 0.254500 0.174750 0.012500 
36.500000 0.469000 0.088500 0.255750 0.174250 0.012500 
37.000000 0.473000 0.085500 0.256750 0.171750 0.013000 
37.500000 0.467250 0.090500 0.251750 0.177750 0.012750 
38.000000 0.465250 0.092750 0.258750 0.170250 0.013000 
38.500000 0.468250 0.090500 0.260750 0.167500 0.013000 
39.000000 0.469000 0.089750 0.254250 0.174000 0.013000 
39.500000 0.474500 0.084250 0.254500 0.173750 0.013000 
40.000000 0.473000 0.085500 0.255000 0.173500 0.013000 
40.500000 0.475000 0.084000 0.253750 0.174000 0.013250 
41.000000 0.467250 0.091500 0.250750 0.177250 0.013250 
41.500000 0.468250 0.090000 0.259000 0.169250 0.013500 
42.000000 0.474250 0.084750 0.259750 0.167750 0.013500 
42.500000 0.468750 0.090000 0.257000 0.170500 0.013750 
43.000000 0.468500 0.090500 0.258250 0.169000 0.013750 
43.500000 0.466250 0.092250 0.256000 0.171750 0.013750 
44.000000 0.471250 0.085750 0.256750 0.172500 0.013750 
44.500000 0.473250 0.084750 0.261250 0.167000 0.013750 
45.000000 0.460500 0.096250 0.258750 0.170750 0.013750 
45.500000 0.465250 0.093250 0.256000 0.171750 0.013750 
46.000000 0.468500 0.089500 0.257000 0.171250 0.013750 
46.500000 0.462500 0.096500 0.255250 0.172000 0.013750 
47.000000 0.461000 0.097500 0.255000 0.172500 0.014000 
47.500000 0.463250 0.094750 0.257000 0.171000 0.014000 
48.000000 0.470250 0.088250 0.265500 0.162000 0.014000 
48.500000 0.467500 0.091500 0.258000 0.169000 0.014000 
49.000000 0.467250 0.091000 0.257750 0.170000 0.014000 
49.500000 0.475000 0.083750 0.256000 0.171250 0.014000 
50.000000 0.472750 0.087000 0.257000 0.169250 0.014000 
50.500000 0.477250 0.082500 0.257250 0.169250 0.013750 
51.000000 0.471250 0.088500 0.261250 0.165250 0.013750 
51.500000 0.471000 0.088750 0.258750 0.167750 0.013750 
52.000000 0.470500 0.088500 0.260500 0.166750 0.013750 
52.500000 0.461000 0.097750 0.263000 0.164500 0.013750 
53.000000 0.463250 0.095000 0.261000 0.166750 0.014000 
53.500000 0.466250 0.094000 0.254250 0.171750 0.013750 
54.000000 0.466250 0.094500 0.258000 0.167500 0.013750 
54.500000 0.469500 0.091000 0.257500 0.168250 0.013750 
55.000000 0.469500 0.090250 0.263500 0.163000 0.013750 
55.500000 0.472000 0.088250 0.260750 0.165250 0.013750 
56.000000 0.474000 0.086000 0.263250 0.163000 0.013750 
56.500000 0.471250 0.088750 0.259250 0.167000 0.013750 
57.000000 0.470000 0.090500 0.259750 0.166000 0.013750 
57.500000 0.469750 0.091000 0.261000 0.164500 0.013750 
58.000000 0.471750 0.089000 0.263500 0.161750 0.014000 
58.500000 0.475250 0.086750 0.261000 0.163000 0.014000 
59.000000 0.479750 0.081750 0.261500 0.163000 0.014000 
59.500000 0.470000 0.093000 0.259750 0.163250 0.014000 
60.000000 0.468250 0.094000 0.257750 0.165750 0.014250 
60.500000 0.469000 0.093500 0.253250 0.170000 0.014250 
61.000000 0.462500 0.100750 0.251000 0.171500 0.014250 
61.500000 0.460250 0.102000 0.254000 0.169500 0.014250 
62.000000 0.463250 0.099500 0.256000 0.167000 0.014250 
62.500000 0.460750 0.102250 0.253500 0.169250 0.014250 
63.000000 0.469500 0.093500 0.254000 0.168500 0.014500 
63.500000 0.465000 0.098750 0.257750 0.164000 0.014500 
64.000000 0.467500 0.096500 0.253250 0.168500 0.014250 
64.500000 0.466000 0.098000 0.257000 0.164500 0.014500 
65.000000 0.475750 0.088000 0.260250 0.161250 0.014750 
65.500000 0.476750 0.088250 0.262500 0.158000 0.014500 
66.000000 0.474000 0.090000 0.259250 0.162250 0.014500 
66.500000 0.477000 0.087250 0.258500 0.162750 0.014500 
67.000000 0.477750 0.087000 0.262250 0.158500 0.014500 
67.500000 0.472250 0.092000 0.261500 0.159750 0.014500 
68.000000 0.468500 0.096000 0.265250 0.155750 0.014500 
68.500000 0.476000 0.088500 0.263750 0.157000 0.014750 
69.000000 0.473500 0.090750 0.265750 0.155000 0.015000 
69.500000 0.473500 0.090000 0.265500 0.156000 0.015000 
70.000000 0.472000 0.091750 0.260500 0.160750 0.015000 
70.500000 0.478000 0.085750 0.257250 0.164000 0.015000 
71.000000 0.476000 0.089000 0.259000 0.161000 0.015000 
71.500000 0.480000 0.084750 0.259000 0.161250 0.015000 
72.000000 0.482750 0.084750 0.258000 0.159250 0.015250 
72.500000 0.481500 0.084500 0.256250 0.162250 0.015500 
73.000000 0.480000 0.086000 0.257250 0.161250 0.015500 
73.500000 0.479000 0.086250 0.262250 0.156750 0.015750 
74.000000 0.482750 0.083750 0.260500 0.157250 0.015750 
74.500000 0.483750 0.082000 0.260250 0.158000 0.016000 
75.000000 0.483500 0.082750 0.266500 0.151250 0.016000 
75.500000 0.478750 0.087750 0.262500 0.155000 0.016000 
76.000000 0.483500 0.083750 0.262000 0.154750 0.016000 
76.500000 0.476750 0.091000 0.266500 0.149750 0.016000 
77.000000 0.471500 0.096750 0.260500 0.155250 0.016000 
77.500000 0.477500 0.090250 0.264500 0.151750 0.016000 
78.000000 0.473750 0.095250 0.263250 0.151750 0.016000 
78.500000 0.477750 0.091250 0.259250 0.155750 0.016000 
79.000000 0.477750 0.091000 0.265250 0.150000 0.016000 
79.500000 0.483500 0.084750 0.265000 0.150750 0.016000 
80.000000 0.484500 0.084250 0.258750 0.156250 0.016250 
80.500000 0.485000 0.084250 0.259750 0.154750 0.016250 
81.000000 0.484500 0.084500 0.258250 0.156250 0.016500 
81.500000 0.484250 0.084000 0.263500 0.151750 0.016500 
82.000000 0.486750 0.082000 0.261000 0.153750 0.016500 
82.500000 0.482500 0.086500 0.260500 0.154000 0.016500 
83.000000 0.486250 0.082000 0.258250 0.157000 0.016500 
83.500000 0.485750 0.081750 0.261000 0.155000 0.016500 
84.000000 0.479750 0.088000 0.263500 0.152250 0.016500 
84.500000 0.479000 0.089750 0.266500 0.148250 0.016500 
85.000000 0.475250 0.093750 0.262750 0.151750 0.016500 
85.500000 0.477500 0.090500 0.267500 0.148000 0.016500 
86.000000 0.475750 0.093000 0.263750 0.151000 0.016500 
86.500000 0.480500 0.088750 0.266500 0.148000 0.016250 
87.000000 0.480500 0.088250 0.267500 0.147250 0.016500 
87.500000 0.481250 0.087500 0.266750 0.147750 0.016750 
88.000000 0.480250 0.088750 0.265500 0.148500 0.017000 
88.500000 0.480250 0.089250 0.262500 0.151250 0.016750 
89.000000 0.483250 0.085750 0.262750 0.151500 0.016750 
89.500000 0.477000 0.092500 0.261750 0.152000 0.016750 
90.000000 0.478000 0.092000 0.260500 0.152500 0.017000 
90.500000 0.481250 0.089500 0.263000 0.149250 0.017000 
91.000000 0.480250 0.090000 0.262500 0.150250 0.017000 
91.500000 0.479250 0.091250 0.268750 0.143750 0.017000 
92.000000 0.485250 0.086750 0.267750 0.143250 0.017000 
92.500000 0.478500 0.092500 0.268750 0.142750 0.017500 
93.000000 0.474750 0.097000 0.265000 0.145750 0.017500 
93.500000 0.472000 0.100000 0.267750 0.142750 0.017500 
94.000000 0.477250 0.095500 0.267250 0.142250 0.017750 
94.500000 0.480750 0.091750 0.267750 0.142000 0.017750 
95.000000 0.483750 0.088500 0.268500 0.141500 0.017750 
95.500000 0.480000 0.091500 0.269000 0.141750 0.017750 
96.000000 0.489500 0.082500 0.269500 0.140500 0.018000 
96.500000 0.480750 0.091750 0.274750 0.135000 0.017750 
97.000000 0.485500 0.087000 0.270250 0.139250 0.018000 
97.500000 0.485250 0.088750 0.266750 0.141250 0.018000 
98.000000 0.485250 0.087750 0.269750 0.139250 0.018000 
98.500000 0.487500 0.084500 0.264500 0.145500 0.018000 
99.000000 0.489250 0.084250 0.266500 0.142000 0.018000 
99.500000 0.489250 0.084750 0.269750 0.138500 0.017750 
100.000000 0.480500 0.093500 0.265750 0.142250 0.018000 
100.500000 0.490000 0.084000 0.263750 0.144250 0.018000 
101.000000 0.486750 0.087500 0.256750 0.151250 0.017750 
101.500000 0.486000 0.088250 0.263500 0.144250 0.018000 
102.000000 0.490750 0.084500 0.260250 0.146500 0.018000 
102.500000 0.491500 0.084000 0.262250 0.144250 0.018000 
103.000000 0.492000 0.084500 0.270750 0.134750 0.018000 
103.500000 0.494500 0.082000 0.264500 0.141000 0.018000 
104.000000 0.498250 0.080000 0.261250 0.142500 0.018000 
104.500000 0.485500 0.091250 0.263500 0.141250 0.018500 
105.000000 0.490250 0.086750 0.266500 0.137750 0.018750 
105.500000 0.489250 0.086500 0.264250 0.141250 0.018750 
106.000000 0.496750 0.080750 0.262000 0.141500 0.019000 
106.500000 0.497000 0.080250 0.263000 0.140750 0.019000 
107.000000 0.488500 0.089000 0.269000 0.134750 0.018750 
107.500000 0.492500 0.085000 0.262000 0.141750 0.018750 
108.000000 0.486500 0.090000 0.265500 0.139000 0.019000 
108.500000 0.487250 0.090500 0.265750 0.137750 0.018750 
109.000000 0.493750 0.084500 0.269000 0.133750 0.019000 
109.500000 0.494500 0.082750 0.269000 0.134750 0.019000 
110.000000 0.497750 0.079500 0.270500 0.133250 0.019000 
110.500000 0.493000 0.085500 0.267750 0.134750 0.019000 
111.000000 0.494250 0.083750 0.267750 0.135250 0.019000 
111.500000 0.492500 0.085000 0.268250 0.135500 0.018750 
112.000000 0.491500 0.088750 0.268500 0.132250 0.019000 
112.500000 0.497000 0.082250 0.272000 0.129750 0.019000 
113.000000 0.496000 0.083250 0.271750 0.129750 0.019250 
113.500000 0.501000 0.078750 0.268500 0.132500 0.019250 
114.000000 0.494250 0.085000 0.272500 0.129000 0.019250 
114.500000 0.498750 0.080000 0.274000 0.127750 0.019500 
115.000000 0.497250 0.081000 0.276250 0.126000 0.019500 
115.500000 0.502500 0.076750 0.270250 0.131000 0.019500 
116.000000 0.500000 0.079000 0.272250 0.128250 0.020500 
116.500000 0.507500 0.072000 0.273000 0.126750 0.020750 
117.000000 0.500500 0.078250 0.271000 0.129250 0.021000 
117.500000 0.500750 0.079250 0.273000 0.126000 0.021000 
118.000000 0.505500 0.075250 0.278000 0.120500 0.020750 
118.500000 0.504000 0.077000 0.275750 0.122500 0.020750 
119.000000 0.500250 0.079250 0.273250 0.126250 0.021000 
119.500000 0.498000 0.081500 0.272250 0.127250 0.021000 
120.000000 0.496750 0.083500 0.272000 0.126500 0.021250 
120.500000 0.502750 0.077500 0.279750 0.119000 0.021000 
121.000000 0.496500 0.084000 0.274250 0.124250 0.021000 
121.500000 0.492250 0.087500 0.275500 0.123750 0.021000 
122.000000 0.502500 0.078750 0.273500 0.124250 0.021000 
122.500000 0.502000 0.080250 0.277750 0.119000 0.021000 
123.000000 0.501500 0.081250 0.275500 0.120750 0.021000 
123.500000 0.506000 0.076500 0.272250 0.124250 0.021000 
124.000000 0.502000 0.081500 0.275000 0.120750 0.020750 
124.500000 0.504250 0.079500 0.272750 0.122500 0.021000 
125.000000 0.502250 0.081750 0.272000 0.122750 0.021250 
125.500000 0.506000 0.077500 0.270750 0.124500 0.021250 
126.000000 0.502000 0.081750 0.271250 0.123750 0.021250 
126.500000 0.496000 0.088250 0.275750 0.118750 0.021250 
127.000000 0.496000 0.088500 0.269500 0.124750 0.021250 
127.500000 0.492500 0.093000 0.270000 0.123500 0.021000 
128.000000 0.491000 0.094500 0.269000 0.124000 0.021500 
128.500000 0.489250 0.096750 0.269000 0.123500 0.021500 
129.000000 0.496750 0.088250 0.272750 0.120750 0.021500 
129.500000 0.498500 0.085500 0.272000 0.122000 0.022000 
130.000000 0.495250 0.089750 0.275750 0.117250 0.022000 
130.500000 0.502000 0.082250 0.275250 0.118500 0.022000 
131.000000 0.503750 0.081500 0.276000 0.116750 0.022000 
131.500000 0.506500 0.079000 0.278750 0.113500 0.022250 
132.000000 0.507750 0.079750 0.277500 0.112500 0.022500 
132.500000 0.505750 0.082250 0.281500 0.107750 0.022750 
133.000000 0.500750 0.086250 0.279750 0.110500 0.022750 
133.500000 0.503250 0.083250 0.281000 0.109500 0.023000 
134.000000 0.504750 0.083000 0.277750 0.111500 0.023000 
134.500000 0.506750 0.081500 0.276250 0.112500 0.023000 
135.000000 0.507750 0.080000 0.278750 0.110250 0.023250 
135.500000 0.508750 0.079500 0.278750 0.109750 0.023250 
136.000000 0.510250 0.078500 0.283500 0.104500 0.023250 
136.500000 0.507500 0.080750 0.277250 0.111000 0.023500 
137.000000 0.509250 0.080500 0.282000 0.104750 0.023500 
137.500000 0.507250 0.083500 0.280500 0.105000 0.023750 
138.000000 0.502500 0.088750 0.278250 0.106000 0.024500 
138.500000 0.499750 0.091500 0.280500 0.104000 0.024250 
139.000000 0.507250 0.084250 0.279750 0.104500 0.024250 
139.500000 0.500250 0.091500 0.279250 0.104500 0.024500 
140.000000 0.501000 0.090750 0.281000 0.102250 0.025000 
140.500000 0.502000 0.089750 0.279750 0.103500 0.025000 
141.000000 0.507500 0.083500 0.278250 0.105500 0.025250 
141.500000 0.503750 0.087750 0.276000 0.107250 0.025250 
142.000000 0.511000 0.082500 0.275000 0.106250 0.025250 
142.500000 0.509000 0.084000 0.271250 0.110000 0.025750 
143.000000 0.508250 0.085250 0.274750 0.105750 0.026000 
143.500000 0.516000 0.078750 0.271750 0.107250 0.026250 
144.000000 0.510000 0.085250 0.277000 0.101500 0.026250 
144.500000 0.507750 0.087750 0.276000 0.102250 0.026250 
145.000000 0.508750 0.086750 0.276250 0.102000 0.026250 
145.500000 0.512000 0.084500 0.273000 0.104000 0.026500 
146.000000 0.511500 0.085750 0.273750 0.102500 0.026500 
146.500000 0.514000 0.084500 0.274000 0.100750 0.026750 
147.000000 0.514000 0.084500 0.271750 0.103250 0.026500 
147.500000 0.516250 0.083000 0.272750 0.101500 0.026500 
148.000000 0.514500 0.085250 0.274000 0.100000 0.026250 
148.500000 0.516750 0.084000 0.273750 0.098500 0.027000 
149.000000 0.515250 0.085500 0.275750 0.096750 0.026750 
149.500000 0.511750 0.089000 0.276500 0.095750 0.027000 
150.000000 0.520750 0.080000 0.272750 0.099250 0.027250 
150.500000 0.518000 0.084000 0.271500 0.098750 0.027750 
151.000000 0.516250 0.086750 0.271750 0.097500 0.027750 
151.500000 0.520000 0.083500 0.276000 0.093000 0.027500 
152.000000 0.518750 0.085500 0.275250 0.092750 0.027750 
152.500000 0.517000 0.087750 0.273250 0.094000 0.028000 
153.000000 0.515250 0.089750 0.277500 0.089750 0.027750 
153.500000 0.519500 0.085750 0.274500 0.092250 0.028000 
154.000000 0.515500 0.089250 0.279000 0.088250 0.028000 
154.500000 0.511000 0.094500 0.276000 0.090750 0.027750 
155.000000 0.511000 0.093750 0.274250 0.092750 0.028250 
155.500000 0.510250 0.095750 0.273000 0.092000 0.029000 
156.000000 0.509000 0.095750 0.271000 0.095250 0.029000 
156.500000 0.511250 0.093500 0.272500 0.093750 0.029000 
157.000000 0.514750 0.089750 0.270500 0.096500 0.028500 
157.500000 0.515250 0.089500 0.272000 0.094000 0.029250 
158.000000 0.515250 0.090000 0.272750 0.093000 0.029000 
158.500000 0.517250 0.087500 0.271000 0.095250 0.029000 
159.000000 0.514250 0.091750 0.272250 0.092750 0.029000 
159.500000 0.517250 0.088250 0.270500 0.095000 0.029000 
160.000000 0.517750 0.087250 0.267500 0.098000 0.029500 
160.500000 0.518750 0.087000 0.267500 0.097250 0.029500 
161.000000 0.517500 0.089750 0.272000 0.091250 0.029500 
161.500000 0.517250 0.090250 0.271250 0.091500 0.029750 
162.000000 0.527000 0.081250 0.271500 0.090500 0.029750 
162.500000 0.522000 0.087000 0.270250 0.091000 0.029750 
163.000000 0.528500 0.080750 0.268250 0.092750 0.029750 
163.500000 0.529750 0.080250 0.271750 0.088750 0.029500 
164.000000 0.526000 0.084000 0.268000 0.091500 0.030500 
164.500000 0.531500 0.079000 0.266750 0.091500 0.031250 
165.000000 0.524000 0.085500 0.268750 0.090250 0.031500 
165.500000 0.522250 0.088250 0.266250 0.091250 0.032000 
166.000000 0.524250 0.086000 0.265750 0.092000 0.032000 
166.500000 0.521500 0.088500 0.270500 0.087250 0.032250 
167.000000 0.521500 0.089750 0.265750 0.090000 0.033000 
167.500000 0.529000 0.082250 0.269000 0.086750 0.033000 
168.000000 0.521000 0.090500 0.267750 0.087750 0.033000 
168.500000 0.524000 0.088250 0.267500 0.087250 0.033000 
169.000000 0.531250 0.081000 0.267250 0.086750 0.033750 
169.500000 0.524750 0.087500 0.270250 0.083250 0.034250 
170.000000 0.533750 0.078000 0.268250 0.085500 0.034500 
170.500000 0.535000 0.077500 0.270000 0.083000 0.034500 
171.000000 0.533500 0.079000 0.268000 0.084250 0.035250 
171.500000 0.540750 0.071250 0.265250 0.087750 0.035000 
172.000000 0.531250 0.079750 0.265250 0.088500 0.035250 
172.500000 0.530250 0.081500 0.267000 0.086250 0.035000 
173.000000 0.532250 0.079750 0.266000 0.086750 0.035250 
173.500000 0.536000 0.076500 0.267750 0.084250 0.035500 
174.000000 0.531500 0.080500 0.265750 0.086250 0.036000 
174.500000 0.537500 0.075000 0.261750 0.089250 0.036500 
175.000000 0.534250 0.079000 0.261500 0.088500 0.036750 
175.500000 0.532000 0.082000 0.261000 0.088250 0.036750 
176.000000 0.532750 0.081250 0.256750 0.092500 0.036750 
176.500000 0.533000 0.081750 0.258750 0.089750 0.036750 
177.000000 0.532750 0.082500 0.261750 0.086000 0.037000 
177.500000 0.533500 0.080500 0.265500 0.083000 0.037500 
178.000000 0.534750 0.080000 0.261500 0.086250 0.037500 
178.500000 0.532750 0.083000 0.262500 0.084000 0.037750 
179.000000 0.535500 0.080000 0.263250 0.083500 0.037750 
179.500000 0.529500 0.085500 0.267500 0.079750 0.037750 
180.000000 0.534500 0.079500 0.269000 0.079250 0.037750 
180.500000 0.536750 0.078250 0.268750 0.078000 0.038250 
181.000000 0.532750 0.082750 0.268000 0.078000 0.038500 
181.500000 0.526500 0.087500 0.272750 0.074750 0.038500 
182.000000 0.522250 0.092250 0.269500 0.077500 0.038500 
182.500000 0.525250 0.090000 0.265000 0.080750 0.039000 
183.000000 0.526750 0.089000 0.264250 0.081000 0.039000 
183.500000 0.526250 0.089500 0.267250 0.078000 0.039000 
184.000000 0.527250 0.088500 0.268750 0.075750 0.039750 
184.500000 0.530000 0.085500 0.266500 0.078250 0.039750 
185.000000 0.531500 0.083750 0.267750 0.077250 0.039750 
185.500000 0.528500 0.087000 0.268250 0.076000 0.040250 
186.000000 0.528250 0.087500 0.267250 0.077000 0.040000 
186.500000 0.527250 0.090000 0.270500 0.072250 0.040000 
187.000000 0.523250 0.092500 0.271000 0.073000 0.040250 
187.500000 0.530000 0.086250 0.272000 0.071000 0.040750 
188.000000 0.529500 0.086750 0.271000 0.071500 0.041250 
188.500000 0.534250 0.082750 0.271250 0.070750 0.041000 
189.000000 0.529000 0.088500 0.269500 0.071750 0.041250 
189.500000 0.534500 0.083250 0.273500 0.067750 0.041000 
190.000000 0.530000 0.088750 0.266000 0.073250 0.042000 
190.500000 0.535500 0.084250 0.271500 0.066750 0.042000 
191.000000 0.532500 0.086750 0.267500 0.071250 0.042000 
191.500000 0.532750 0.087500 0.267500 0.070000 0.042250 
192.000000 0.542000 0.078750 0.268000 0.069000 0.042250 
192.500000 0.531250 0.088750 0.266750 0.071000 0.042250 
193.000000 0.528250 0.091750 0.268000 0.069750 0.042250 
193.500000 0.530000 0.091250 0.265500 0.071500 0.041750 
194.000000 0.539500 0.081500 0.266000 0.070500 0.042500 
194.500000 0.535750 0.086000 0.264000 0.071000 0.043250 
195.000000 0.537500 0.083750 0.263500 0.071750 0.043500 
195.500000 0.535750 0.085750 0.264500 0.069750 0.044250 
196.000000 0.536750 0.084000 0.266000 0.069500 0.043750 
196.500000 0.534750 0.087250 0.263250 0.070750 0.044000 
197.000000 0.538500 0.083750 0.266750 0.067250 0.043750 
197.500000 0.536250 0.086000 0.267500 0.066250 0.044000 
198.000000 0.532500 0.090000 0.265750 0.067750 0.044000 
198.500000 0.543500 0.079500 0.264000 0.068500 0.044500 
199.000000 0.545750 0.076500 0.261500 0.071750 0.044500 
199.500000 0.540000 0.083500 0.259750 0.072000 0.044750 
200.000000 0.538750 0.085000 0.257250 0.074250 0.044750 
200.500000 0.531750 0.091250 0.261500 0.071000 0.044500 
201.000000 0.537750 0.085750 0.258000 0.073750 0.044750 
201.500000 0.539500 0.084250 0.258250 0.072750 0.045250 
202.000000 0.536500 0.087000 0.258000 0.073000 0.045500 
202.500000 0.545000 0.078750 0.255000 0.075750 0.045500 
203.000000 0.539500 0.084250 0.258500 0.072000 0.045750 
203.500000 0.536750 0.087250 0.261250 0.069000 0.045750 
204.000000 0.538750 0.084500 0.262500 0.068500 0.045750 
204.500000 0.540750 0.083000 0.264000 0.066000 0.046250 
205.000000 0.546750 0.077250 0.263750 0.065500 0.046750 
205.500000 0.548250 0.076250 0.261250 0.067500 0.046750 
206.000000 0.549750 0.074500 0.263500 0.065500 0.046750 
206.500000 0.549250 0.075500 0.263500 0.064500 0.047250 
207.000000 0.547250 0.077500 0.264250 0.063750 0.047250 
207.500000 0.541750 0.083500 0.259500 0.067500 0.047750 
208.000000 0.545000 0.080750 0.255750 0.071000 0.047500 
208.500000 0.541250 0.084500 0.257500 0.069250 0.047500 
209.000000 0.545750 0.080750 0.255500 0.070500 0.047500 
209.500000 0.541000 0.086750 0.254250 0.070500 0.047500 
210.000000 0.543250 0.084250 0.257000 0.067500 0.048000 
210.500000 0.545250 0.082250 0.258000 0.066500 0.048000 
211.000000 0.547000 0.082750 0.258250 0.062750 0.049250 
211.500000 0.542750 0.086750 0.259000 0.062500 0.049000 
212.000000 0.539500 0.090000 0.257250 0.063500 0.049750 
212.500000 0.544000 0.086250 0.256000 0.063500 0.050250 
213.000000 0.543000 0.086750 0.257000 0.063000 0.050250 
213.500000 0.550500 0.080750 0.256000 0.062250 0.050500 
214.000000 0.546000 0.085250 0.254500 0.064250 0.050000 
214.500000 0.545000 0.086000 0.251250 0.067000 0.050750 
215.000000 0.547000 0.084750 0.249500 0.068000 0.050750 
215.500000 0.553000 0.078250 0.253000 0.064750 0.051000 
216.000000 0.542250 0.090500 0.250000 0.066250 0.051000 
216.500000 0.544000 0.088500 0.248000 0.068000 0.051500 
217.000000 0.551000 0.082250 0.250250 0.065000 0.051500 
217.500000 0.551750 0.081250 0.250750 0.064750 0.051500 
218.000000 0.551250 0.082500 0.248000 0.066250 0.052000 
218.500000 0.551000 0.084500 0.248250 0.064250 0.052000 
219.000000 0.557500 0.078000 0.247750 0.064750 0.052000 
219.500000 0.546250 0.089000 0.249500 0.062750 0.052500 
220.000000 0.549000 0.087250 0.244250 0.066500 0.053000 
220.500000 0.550250 0.086250 0.244250 0.066500 0.052750 
221.000000 0.560500 0.077250 0.247000 0.061750 0.053500 
221.500000 0.560250 0.077750 0.245750 0.062750 0.053500 
222.000000 0.559250 0.079000 0.246250 0.062250 0.053250 
222.500000 0.564500 0.073750 0.248250 0.059750 0.053750 
223.000000 0.561250 0.076750 0.247000 0.060750 0.054250 
223.500000 0.560500 0.078500 0.245250 0.061500 0.054250 
224.000000 0.557500 0.081000 0.247500 0.059750 0.054250 
224.500000 0.559750 0.078250 0.244500 0.063000 0.054500 
225.000000 0.562250 0.077250 0.245250 0.060250 0.055000 
225.500000 0.568000 0.071500 0.247250 0.058000 0.055250 
226.000000 0.567250 0.073250 0.247250 0.056250 0.056000 
226.500000 0.571250 0.069500 0.249750 0.053500 0.056000 
227.000000 0.571250 0.070250 0.248500 0.053500 0.056500 
227.500000 0.568500 0.073500 0.244750 0.055750 0.057500 
228.000000 0.566000 0.075750 0.244250 0.056500 0.057500 
228.500000 0.566500 0.076000 0.247000 0.052750 0.057750 
229.000000 0.565250 0.077250 0.246500 0.053250 0.057750 
229.500000 0.563250 0.079500 0.245750 0.053250 0.058250 
230.000000 0.562000 0.082000 0.244500 0.052500 0.059000 
230.500000 0.563750 0.080000 0.247000 0.050500 0.058750 
231.000000 0.566000 0.077750 0.245250 0.051250 0.059750 
231.500000 0.565500 0.079500 0.244500 0.051000 0.059500 
232.000000 0.566500 0.078750 0.247250 0.048250 0.059250 
232.500000 0.566750 0.079000 0.244750 0.050000 0.059500 
233.000000 0.564000 0.082250 0.241750 0.052250 0.059750 
233.500000 0.570750 0.075500 0.240500 0.053000 0.060250 
234.000000 0.566750 0.079250 0.243500 0.049750 0.060750 
234.500000 0.569750 0.076750 0.240000 0.052750 0.060750 
235.000000 0.567000 0.078500 0.242500 0.051250 0.060750 
235.500000 0.569750 0.076500 0.243500 0.049500 0.060750 
236.000000 0.567500 0.078250 0.245000 0.048750 0.060500 
236.500000 0.568250 0.078250 0.244750 0.047750 0.061000 
237.000000 0.565750 0.081500 0.244250 0.047250 0.061250 
237.500000 0.567000 0.079750 0.245000 0.047000 0.061250 
238.000000 0.571500 0.075750 0.241750 0.049000 0.062000 
238.500000 0.570250 0.077000 0.243750 0.046750 0.062250 
239.000000 0.572500 0.074250 0.240500 0.050500 0.062250 
239.500000 0.570500 0.076750 0.241000 0.050000 0.061750 
240.000000 0.569250 0.077500 0.247250 0.044250 0.061750 
240.500000 0.570500 0.077250 0.241250 0.048750 0.062250 
241.000000 0.573500 0.073500 0.239500 0.051000 0.062500 
241.500000 0.570250 0.077000 0.239250 0.050750 0.062750 
242.000000 0.572500 0.075250 0.238750 0.050500 0.063000 
242.500000 0.571750 0.076000 0.238750 0.050000 0.063500 
243.000000 0.575250 0.073000 0.237500 0.050500 0.063750 
243.500000 0.568000 0.080750 0.237750 0.049000 0.064500 
244.000000 0.570750 0.078000 0.240500 0.046000 0.064750 
244.500000 0.569000 0.080250 0.232750 0.052750 0.065250 
245.000000 0.571250 0.077250 0.236000 0.050500 0.065000 
245.500000 0.567250 0.081000 0.240000 0.046500 0.065250 
246.000000 0.568750 0.081000 0.235250 0.049000 0.066000 
246.500000 0.569750 0.080750 0.232000 0.051500 0.066000 
247.000000 0.568250 0.082500 0.234250 0.048750 0.066250 
247.500000 0.571250 0.078500 0.231750 0.051500 0.067000 
248.000000 0.569250 0.080250 0.232250 0.051250 0.067000 
248.500000 0.568750 0.082250 0.230000 0.052000 0.067000 
249.000000 0.572500 0.078750 0.233250 0.048250 0.067250 
249.500000 0.569250 0.082250 0.232500 0.048500 0.067500 
250.000000 0.570000 0.081500 0.230750 0.049750 0.068000 
250.500000 0.572000 0.079500 0.231750 0.048250 0.068500 
251.000000 0.568500 0.083750 0.228500 0.050250 0.069000 
251.500000 0.571000 0.082250 0.223500 0.054000 0.069250 
252.000000 0.570000 0.083750 0.226000 0.051250 0.069000 
252.500000 0.575000 0.078750 0.229250 0.048000 0.069000 
253.000000 0.574500 0.081000 0.227000 0.048500 0.069000 
253.500000 0.576000 0.079750 0.232500 0.042750 0.069000 
254.000000 0.576000 0.080500 0.228750 0.045750 0.069000 
254.500000 0.577250 0.079750 0.226250 0.047750 0.069000 
255.000000 0.574250 0.082250 0.225750 0.048750 0.069000 
255.500000 0.572000 0.084750 0.227750 0.046500 0.069000 
256.000000 0.570500 0.086250 0.228000 0.046250 0.069000 
256.500000 0.567750 0.090000 0.227500 0.045000 0.069750 
257.000000 0.572250 0.086000 0.227750 0.044250 0.069750 
257.500000 0.574000 0.084000 0.225000 0.046750 0.070250 
258.000000 0.575250 0.083750 0.225750 0.044500 0.070750 
258.500000 0.575250 0.084000 0.223500 0.046500 0.070750 
259.000000 0.572500 0.086750 0.223750 0.046000 0.071000 
259.500000 0.577000 0.082000 0.222500 0.047250 0.071250 
260.000000 0.577250 0.081750 0.222750 0.047000 0.071250 
260.500000 0.574750 0.085000 0.220250 0.048000 0.072000 
261.000000 0.577750 0.082000 0.222750 0.045500 0.072000 
261.500000 0.577000 0.084750 0.220750 0.045500 0.072000 
262.000000 0.576500 0.084500 0.220500 0.046000 0.072500 
262.500000 0.575250 0.086000 0.222750 0.043500 0.072500 
263.000000 0.580500 0.080500 0.221500 0.045500 0.072000 
263.500000 0.574750 0.087250 0.221000 0.044750 0.072250 
264.000000 0.581500 0.082000 0.220000 0.044000 0.072500 
264.500000 0.583500 0.080000 0.220250 0.043500 0.072750 
265.000000 0.583500 0.080500 0.219000 0.044000 0.073000 
265.500000 0.583750 0.080750 0.219750 0.043000 0.072750 
266.000000 0.586750 0.077500 0.216000 0.045750 0.074000 
266.500000 0.584500 0.079250 0.219000 0.043000 0.074250 
267.000000 0.588000 0.075750 0.220250 0.041000 0.075000 
267.500000 0.584000 0.078750 0.220250 0.042000 0.075000 
268.000000 0.588250 0.074750 0.221000 0.040500 0.075500 
268.500000 0.583500 0.080750 0.221250 0.039000 0.075500 
269.000000 0.582500 0.080750 0.222500 0.038750 0.075500 
269.500000 0.584750 0.079250 0.223000 0.037000 0.076000 
270.000000 0.581000 0.083500 0.224000 0.035500 0.076000 
270.500000 0.583500 0.081000 0.223500 0.036000 0.076000 
271.000000 0.587500 0.078000 0.220000 0.038750 0.075750 
271.500000 0.582750 0.083250 0.219000 0.039000 0.076000 
272.000000 0.588500 0.078000 0.221500 0.036000 0.076000 
272.500000 0.587500 0.078750 0.220000 0.037000 0.076750 
273.000000 0.591000 0.075500 0.221250 0.035250 0.077000 
273.500000 0.588500 0.078250 0.217000 0.038250 0.078000 
274.000000 0.584000 0.082750 0.218000 0.037500 0.077750 
274.500000 0.589750 0.077250 0.216750 0.037750 0.078500 
275.000000 0.589000 0.077000 0.217500 0.037750 0.078750 
275.500000 0.578750 0.087750 0.218750 0.036000 0.078750 
276.000000 0.579500 0.087250 0.222250 0.032000 0.079000 
276.500000 0.586250 0.081750 0.220250 0.033000 0.078750 
277.000000 0.585750 0.081250 0.221500 0.033000 0.078500 
277.500000 0.578750 0.088500 0.222500 0.031500 0.078750 
278.000000 0.583250 0.083500 0.220000 0.034500 0.078750 
278.500000 0.584000 0.084000 0.220250 0.033000 0.078750 
279.000000 0.585000 0.083500 0.219250 0.033500 0.078750 
279.500000 0.585750 0.084000 0.217000 0.034250 0.079000 
280.000000 0.590250 0.079500 0.218750 0.032750 0.078750 
280.500000 0.591750 0.079000 0.219250 0.030750 0.079250 
281.000000 0.598750 0.071500 0.218250 0.032250 0.079250 
281.500000 0.592250 0.079000 0.218000 0.031000 0.079750 
282.000000 0.590000 0.081250 0.216500 0.032500 0.079750 
282.500000 0.591250 0.080250 0.215250 0.033250 0.080000 
283.000000 0.591000 0.081000 0.216500 0.031250 0.080250 
283.500000 0.594000 0.078000 0.216750 0.030500 0.080750 
284.000000 0.594500 0.077250 0.217000 0.029500 0.081750 
284.500000 0.594000 0.079000 0.217000 0.028250 0.081750 
285.000000 0.595000 0.078500 0.214250 0.030250 0.082000 
285.500000 0.594000 0.080500 0.213000 0.030500 0.082000 
286.000000 0.596750 0.077000 0.213750 0.030500 0.082000 
286.500000 0.589250 0.084750 0.214000 0.029000 0.083000 
287.000000 0.589500 0.085500 0.213000 0.029000 0.083000 
287.500000 0.594250 0.080250 0.213000 0.029250 0.083250 
288.000000 0.599250 0.075750 0.211750 0.030250 0.083000 
288.500000 0.595250 0.081000 0.211750 0.028000 0.084000 
289.000000 0.596250 0.080500 0.211500 0.027750 0.084000 
289.500000 0.594750 0.083000 0.209500 0.028750 0.084000 
290.000000 0.595250 0.083250 0.209000 0.028000 0.084500 
290.500000 0.593500 0.085500 0.207250 0.029500 0.084250 
291.000000 0.595000 0.084000 0.206500 0.029750 0.084750 
291.500000 0.595250 0.083500 0.209250 0.027000 0.085000 
292.000000 0.597000 0.081500 0.211250 0.025000 0.085250 
292.500000 0.599250 0.079250 0.211000 0.025250 0.085250 
293.000000 0.599750 0.078250 0.210000 0.027000 0.085000 
293.500000 0.602500 0.076250 0.208750 0.027250 0.085250 
294.000000 0.601500 0.077500 0.208500 0.026250 0.086250 
294.500000 0.601500 0.077750 0.207500 0.027000 0.086250 
295.000000 0.601000 0.078250 0.206250 0.028250 0.086250 
295.500000 0.598250 0.081750 0.205500 0.028250 0.086250 
296.000000 0.604500 0.074750 0.206750 0.027500 0.086500 
296.500000 0.599750 0.080500 0.202500 0.030250 0.087000 
297.000000 0.596750 0.083500 0.203750 0.028750 0.087250 
297.500000 0.596000 0.085250 0.203500 0.027500 0.087750 
298.000000 0.596250 0.085250 0.204750 0.025750 0.088000 
298.500000 0.598750 0.082500 0.203000 0.027500 0.088250 
299.000000 0.600000 0.082500 0.201000 0.027500 0.089000 
299.500000 0.602750 0.079750 0.203750 0.025000 0.088750 
300.000000 0.593750 0.090000 0.201000 0.026250 0.089000 
300.500000 0.592000 0.091000 0.202500 0.025500 0.089000 
301.000000 0.596750 0.086250 0.200500 0.027000 0.089500 
301.500000 0.595250 0.088750 0.200500 0.025750 0.089750 
302.000000 0.599750 0.084000 0.201500 0.025000 0.089750 
302.500000 0.599500 0.084250 0.199750 0.027000 0.089500 
303.000000 0.600000 0.084500 0.200750 0.024750 0.090000 
303.500000 0.602500 0.082500 0.201250 0.023250 0.090500 
304.000000 0.603500 0.081250 0.203000 0.022000 0.090250 
304.500000 0.603250 0.081500 0.200000 0.024000 0.091250 
305.000000 0.602000 0.084000 0.200000 0.022250 0.091750 
305.500000 0.601250 0.084750 0.199500 0.022250 0.092250 
306.000000 0.599250 0.087500 0.197500 0.024000 0.091750 
306.500000 0.595750 0.091750 0.195250 0.024500 0.092750 
307.000000 0.602250 0.085000 0.193750 0.026250 0.092750 
307.500000 0.598000 0.089500 0.196250 0.023500 0.092750 
308.000000 0.607000 0.079750 0.196750 0.024000 0.092500 
308.500000 0.597500 0.090250 0.196000 0.023750 0.092500 
309.000000 0.596000 0.092000 0.196000 0.023250 0.092750 
309.500000 0.602000 0.086250 0.196250 0.022250 0.093250 
310.000000 0.603750 0.084250 0.198000 0.020500 0.093500 
310.500000 0.606500 0.081750 0.198000 0.020000 0.093750 
311.000000 0.609500 0.078750 0.195750 0.021250 0.094750 
311.500000 0.612250 0.076000 0.194750 0.022750 0.094250 
312.000000 0.606250 0.082250 0.193750 0.023500 0.094250 
312.500000 0.606250 0.082750 0.194000 0.022250 0.094750 
313.000000 0.608500 0.080750 0.192250 0.023500 0.095000 
313.500000 0.610750 0.079000 0.192000 0.022750 0.095500 
314.000000 0.612750 0.077250 0.191000 0.023750 0.095250 
314.500000 0.610750 0.079500 0.190250 0.024250 0.095250 
315.000000 0.612000 0.078250 0.190000 0.024000 0.095750 
315.500000 0.612750 0.077750 0.190000 0.023500 0.096000 
316.000000 0.617250 0.073500 0.188750 0.024250 0.096250 
316.500000 0.616000 0.075750 0.188750 0.022750 0.096750 
317.000000 0.615000 0.077250 0.188000 0.022500 0.097250 
317.500000 0.612500 0.080000 0.190000 0.019750 0.097750 
318.000000 0.610500 0.082250 0.190250 0.019500 0.097500 
318.500000 0.608750 0.083750 0.188000 0.021750 0.097750 
319.000000 0.611500 0.081500 0.187500 0.020750 0.098750 
319.500000 0.612750 0.080250 0.186500 0.021500 0.099000 
320.000000 0.619250 0.074000 0.184750 0.022500 0.099500 
320.500000 0.612250 0.080750 0.183500 0.023750 0.099750 
321.000000 0.618000 0.075750 0.183250 0.023500 0.099500 
321.500000 0.614750 0.079000 0.185000 0.022250 0.099000 
322.000000 0.612500 0.082500 0.181750 0.023500 0.099750 
322.500000 0.617250 0.078250 0.182250 0.022750 0.099500 
323.000000 0.619000 0.076500 0.180750 0.024000 0.099750 
323.500000 0.613000 0.082000 0.183000 0.022250 0.099750 
324.000000 0.613250 0.082000 0.180750 0.023750 0.100250 
324.500000 0.616250 0.079250 0.182500 0.021750 0.100250 
325.000000 0.618500 0.077000 0.181500 0.022500 0.100500 
325.500000 0.619000 0.077250 0.181250 0.022000 0.100500 
326.000000 0.617500 0.078250 0.180500 0.023250 0.100500 
326.500000 0.617500 0.079250 0.180000 0.022500 0.100750 
327.000000 0.621750 0.075500 0.179750 0.022000 0.101000 
327.500000 0.624750 0.071750 0.179500 0.022500 0.101500 
328.000000 0.618250 0.078000 0.177750 0.023500 0.102500 
328.500000 0.622250 0.075000 0.175500 0.024250 0.103000 
329.000000 0.629250 0.068250 0.175250 0.023750 0.103500 
329.500000 0.620000 0.077250 0.176000 0.023250 0.103500 
330.000000 0.627000 0.071000 0.172500 0.025750 0.103750 
330.500000 0.626750 0.071000 0.172750 0.026000 0.103500 
331.000000 0.624000 0.073000 0.174500 0.025000 0.103500 
331.500000 0.622750 0.074750 0.173250 0.024750 0.104500 
332.000000 0.618250 0.080000 0.175000 0.022750 0.104000 
332.500000 0.623000 0.076250 0.172500 0.024250 0.104000 
333.000000 0.623500 0.075500 0.173000 0.024000 0.104000 
333.500000 0.621750 0.077000 0.174500 0.023000 0.103750 
334.000000 0.625000 0.073750 0.174250 0.023000 0.104000 
334.500000 0.626000 0.072500 0.176000 0.021250 0.104250 
335.000000 0.624000 0.074500 0.174000 0.021750 0.105750 
335.500000 0.621000 0.077000 0.175000 0.021000 0.106000 
336.000000 0.624500 0.074250 0.175250 0.020250 0.105750 
336.500000 0.623500 0.075750 0.174750 0.020250 0.105750 
337.000000 0.622500 0.076750 0.174000 0.021000 0.105750 
337.500000 0.627250 0.071250 0.175750 0.019750 0.106000 
338.000000 0.624750 0.074500 0.173500 0.021000 0.106250 
338.500000 0.622500 0.076500 0.174500 0.020500 0.106000 
339.000000 0.623750 0.076750 0.173000 0.020000 0.106500 
339.500000 0.625500 0.074000 0.172000 0.021000 0.107500 
340.000000 0.619750 0.080250 0.174000 0.018250 0.107750 
340.500000 0.623000 0.076250 0.173500 0.019250 0.108000 
341.000000 0.622250 0.077500 0.171500 0.020000 0.108750 
341.500000 0.618500 0.081750 0.171250 0.019750 0.108750 
342.000000 0.622500 0.078750 0.171000 0.018250 0.109500 
342.500000 0.623750 0.077500 0.169000 0.019250 0.110500 
343.000000 0.625250 0.076500 0.169000 0.019000 0.110250 
343.500000 0.623000 0.078000 0.171250 0.017500 0.110250 
344.000000 0.624750 0.076500 0.167750 0.020500 0.110500 
344.500000 0.622000 0.080000 0.168250 0.019500 0.110250 
345.000000 0.621500 0.080750 0.169000 0.018750 0.110000 
345.500000 0.626250 0.075000 0.168500 0.020250 0.110000 
346.000000 0.627250 0.075750 0.166750 0.019500 0.110750 
346.500000 0.627000 0.076000 0.167750 0.018000 0.111250 
347.000000 0.629500 0.073750 0.167000 0.018250 0.111500 
347.500000 0.625500 0.077500 0.165750 0.019500 0.111750 
348.000000 0.626750 0.075500 0.165500 0.020000 0.112250 
348.500000 0.630500 0.072500 0.165000 0.019500 0.112500 
349.000000 0.626000 0.077250 0.166750 0.017750 0.112250 
349.500000 0.627750 0.075750 0.167750 0.016250 0.112500 
350.000000 0.629000 0.075000 0.168250 0.015250 0.112500 
350.500000 0.624750 0.079750 0.165750 0.017000 0.112750 
351.000000 0.626250 0.078000 0.165750 0.017500 0.112500 
351.500000 0.630000 0.075250 0.165000 0.016500 0.113250 
352.000000 0.629250 0.075250 0.165000 0.017250 0.113250 
