0.000000 0.458000 0.089333 0.267333 0.180000 0.005333 
0.500000 0.456000 0.090667 0.272667 0.175333 0.005333 
1.000000 0.446667 0.099333 0.260667 0.188000 0.005333 
1.500000 0.447333 0.100000 0.256000 0.191333 0.005333 
2.000000 0.444000 0.104667 0.246000 0.199333 0.006000 
2.500000 0.431333 0.116000 0.242667 0.202000 0.008000 
3.000000 0.417333 0.136667 0.242667 0.190000 0.013333 
3.500000 0.410000 0.147333 0.242000 0.185333 0.015333 
4.000000 0.407333 0.147333 0.244667 0.178667 0.022000 
4.500000 0.415333 0.138000 0.242667 0.183333 0.020667 
5.000000 0.416000 0.137333 0.245333 0.180000 0.021333 
5.500000 0.422000 0.132000 0.242000 0.182000 0.022000 
6.000000 0.428667 0.125333 0.250000 0.173333 0.022667 
6.500000 0.436000 0.113333 0.240000 0.189333 0.021333 
7.000000 0.438667 0.112667 0.228000 0.198000 0.022667 
7.500000 0.420667 0.122000 0.216667 0.217333 0.023333 
8.000000 0.405333 0.126000 0.217333 0.226000 0.025333 
8.500000 0.395333 0.138667 0.229333 0.209333 0.027333 
9.000000 0.386000 0.148667 0.234667 0.202667 0.028000 
9.500000 0.387333 0.143333 0.228667 0.211333 0.029333 
10.000000 0.396667 0.138667 0.234667 0.199333 0.030667 
10.500000 0.412000 0.123333 0.226667 0.208000 0.030000 
11.000000 0.420000 0.114667 0.231333 0.204000 0.030000 
11.500000 0.434000 0.102000 0.237333 0.196667 0.030000 
12.000000 0.431333 0.104000 0.240667 0.193333 0.030667 
12.500000 0.418667 0.121333 0.238667 0.192000 0.029333 
13.000000 0.409333 0.134000 0.236000 0.190000 0.030667 
13.500000 0.418000 0.128667 0.234667 0.185333 0.033333 
14.000000 0.414000 0.130000 0.240667 0.180667 0.034667 
14.500000 0.412000 0.134000 0.237333 0.180667 0.036000 
15.000000 0.414667 0.132000 0.237333 0.179333 0.036667 
15.500000 0.421333 0.124667 0.243333 0.174000 0.036667 
16.000000 0.438667 0.108000 0.241333 0.175333 0.036667 
16.500000 0.446000 0.100667 0.240000 0.176000 0.037333 
17.000000 0.446000 0.098667 0.237333 0.180667 0.037333 
17.500000 0.439333 0.106667 0.218000 0.199333 0.036667 
18.000000 0.417333 0.131333 0.216667 0.195333 0.039333 
18.500000 0.396000 0.158667 0.230667 0.173333 0.041333 
19.000000 0.396000 0.157333 0.225333 0.176000 0.045333 
19.500000 0.390667 0.166667 0.229333 0.166000 0.047333 
20.000000 0.402000 0.154667 0.222667 0.173333 0.047333 
20.500000 0.418667 0.139333 0.227333 0.167333 0.047333 
21.000000 0.429333 0.127333 0.234000 0.161333 0.048000 
21.500000 0.428000 0.128000 0.230000 0.166000 0.048000 
22.000000 0.428667 0.130000 0.218667 0.175333 0.047333 
22.500000 0.418667 0.136667 0.214667 0.181333 0.048667 
23.000000 0.416000 0.136000 0.214000 0.183333 0.050667 
23.500000 0.403333 0.154000 0.214000 0.177333 0.051333 
24.000000 0.394000 0.161333 0.224667 0.165333 0.054667 
24.500000 0.410000 0.146000 0.222000 0.165333 0.056667 
25.000000 0.418000 0.134667 0.224667 0.165333 0.057333 
25.500000 0.426667 0.125333 0.229333 0.161333 0.057333 
26.000000 0.442000 0.114000 0.226667 0.160000 0.057333 
26.500000 0.452000 0.101333 0.222000 0.168000 0.056667 
27.000000 0.441333 0.111333 0.218000 0.173333 0.056000 
27.500000 0.429333 0.125333 0.209333 0.179333 0.056667 
28.000000 0.419333 0.132667 0.210000 0.180000 0.058000 
28.500000 0.400667 0.150667 0.208000 0.180000 0.060667 
29.000000 0.409333 0.149333 0.200000 0.179333 0.062000 
29.500000 0.408667 0.151333 0.200000 0.177333 0.062667 
30.000000 0.416667 0.141333 0.207333 0.172000 0.062667 
30.500000 0.421333 0.134000 0.210000 0.172000 0.062667 
31.000000 0.436667 0.120000 0.214000 0.166667 0.062667 
31.500000 0.455333 0.100000 0.216000 0.165333 0.063333 
32.000000 0.468000 0.088000 0.219333 0.161333 0.063333 
32.500000 0.440000 0.109333 0.211333 0.174667 0.064667 
33.000000 0.420000 0.124667 0.208667 0.181333 0.065333 
33.500000 0.405333 0.132667 0.213333 0.181333 0.067333 
34.000000 0.397333 0.140000 0.215333 0.180000 0.067333 
34.500000 0.400667 0.138667 0.217333 0.176000 0.067333 
35.000000 0.407333 0.130667 0.213333 0.180667 0.068000 
35.500000 0.432667 0.104000 0.218000 0.176667 0.068667 
36.000000 0.426000 0.110000 0.212000 0.182667 0.069333 
36.500000 0.432667 0.101333 0.207333 0.189333 0.069333 
37.000000 0.423333 0.109333 0.201333 0.198000 0.068000 
37.500000 0.409333 0.121333 0.200667 0.198000 0.070667 
38.000000 0.394667 0.132667 0.206667 0.196000 0.070000 
38.500000 0.380667 0.146667 0.205333 0.194667 0.072667 
39.000000 0.384000 0.139333 0.204667 0.198000 0.074000 
39.500000 0.376000 0.149333 0.212000 0.189333 0.073333 
40.000000 0.382000 0.143333 0.216000 0.184667 0.074000 
40.500000 0.390667 0.135333 0.216667 0.184000 0.073333 
41.000000 0.404667 0.120667 0.220667 0.180667 0.073333 
41.500000 0.406667 0.117333 0.216667 0.186000 0.073333 
42.000000 0.410667 0.110000 0.221333 0.184667 0.073333 
42.500000 0.395333 0.124000 0.222000 0.184667 0.074000 
43.000000 0.392000 0.129333 0.211333 0.192000 0.075333 
43.500000 0.392667 0.131333 0.211333 0.187333 0.077333 
44.000000 0.388000 0.136667 0.208000 0.187333 0.080000 
44.500000 0.390000 0.133333 0.217333 0.180000 0.079333 
45.000000 0.402667 0.122667 0.221333 0.174000 0.079333 
45.500000 0.413333 0.113333 0.218000 0.176000 0.079333 
46.000000 0.419333 0.106000 0.214667 0.180667 0.079333 
46.500000 0.425333 0.101333 0.208667 0.184667 0.080000 
47.000000 0.419333 0.107333 0.209333 0.184667 0.079333 
47.500000 0.402667 0.116667 0.214667 0.186000 0.080000 
48.000000 0.388667 0.130667 0.220667 0.178000 0.082000 
48.500000 0.377333 0.140000 0.227333 0.172000 0.083333 
49.000000 0.375333 0.146000 0.218000 0.176000 0.084667 
49.500000 0.378667 0.143333 0.220667 0.172667 0.084667 
50.000000 0.380000 0.142667 0.228000 0.165333 0.084000 
50.500000 0.398667 0.124667 0.218667 0.174000 0.084000 
51.000000 0.414000 0.106667 0.220000 0.176000 0.083333 
51.500000 0.416667 0.103333 0.215333 0.182000 0.082667 
52.000000 0.414667 0.101333 0.219333 0.181333 0.083333 
52.500000 0.401333 0.108667 0.215333 0.192000 0.082667 
53.000000 0.378000 0.124000 0.216667 0.197333 0.084000 
53.500000 0.372667 0.139333 0.214000 0.189333 0.084667 
54.000000 0.362667 0.154000 0.224000 0.171333 0.088000 
54.500000 0.363333 0.152667 0.230000 0.165333 0.088667 
55.000000 0.380667 0.138667 0.218667 0.173333 0.088667 
55.500000 0.392667 0.125333 0.223333 0.170000 0.088667 
56.000000 0.408000 0.109333 0.223333 0.170667 0.088667 
56.500000 0.410667 0.107333 0.221333 0.172667 0.088000 
57.000000 0.414667 0.100667 0.210000 0.186000 0.088667 
57.500000 0.412667 0.106667 0.212000 0.179333 0.089333 
58.000000 0.393333 0.128667 0.209333 0.176000 0.092667 
58.500000 0.380000 0.138000 0.206667 0.180000 0.095333 
59.000000 0.376667 0.141333 0.210000 0.176000 0.096000 
59.500000 0.391333 0.124667 0.207333 0.180667 0.096000 
60.000000 0.395333 0.122000 0.212667 0.174667 0.095333 
60.500000 0.396667 0.122000 0.222667 0.163333 0.095333 
61.000000 0.390000 0.128000 0.214667 0.172000 0.095333 
61.500000 0.405333 0.112000 0.220000 0.166667 0.096000 
62.000000 0.401333 0.114000 0.218000 0.170667 0.096000 
62.500000 0.383333 0.125333 0.212667 0.182000 0.096667 
63.000000 0.368000 0.140667 0.204667 0.188667 0.098000 
63.500000 0.360667 0.152000 0.204000 0.185333 0.098000 
64.000000 0.355333 0.160667 0.213333 0.170667 0.100000 
64.500000 0.363333 0.155333 0.222667 0.156667 0.102000 
65.000000 0.364667 0.153333 0.224000 0.156000 0.102000 
65.500000 0.390000 0.124667 0.220000 0.162667 0.102667 
66.000000 0.393333 0.119333 0.216667 0.168667 0.102000 
66.500000 0.402667 0.108667 0.212667 0.174000 0.102000 
67.000000 0.410000 0.103333 0.204667 0.179333 0.102667 
67.500000 0.412667 0.101333 0.200667 0.184667 0.100667 
68.000000 0.394667 0.121333 0.200000 0.179333 0.104667 
68.500000 0.392000 0.122000 0.188667 0.192000 0.105333 
69.000000 0.388000 0.126000 0.193333 0.185333 0.107333 
69.500000 0.389333 0.128000 0.192000 0.182000 0.108667 
70.000000 0.396667 0.118667 0.200667 0.174667 0.109333 
70.500000 0.409333 0.107333 0.194000 0.180000 0.109333 
71.000000 0.410000 0.104667 0.195333 0.180000 0.110000 
71.500000 0.425333 0.087333 0.200667 0.176667 0.110000 
72.000000 0.417333 0.093333 0.199333 0.180667 0.109333 
72.500000 0.415333 0.098000 0.202000 0.176000 0.108667 
73.000000 0.392000 0.120667 0.206667 0.172667 0.108000 
73.500000 0.381333 0.128000 0.203333 0.177333 0.110000 
74.000000 0.364667 0.145333 0.203333 0.174667 0.112000 
74.500000 0.363333 0.151333 0.202667 0.169333 0.113333 
75.000000 0.370000 0.142667 0.208667 0.166000 0.112667 
75.500000 0.387333 0.128000 0.212667 0.158667 0.113333 
76.000000 0.394000 0.118667 0.218667 0.156000 0.112667 
76.500000 0.401333 0.108667 0.211333 0.165333 0.113333 
77.000000 0.402667 0.107333 0.206000 0.170667 0.113333 
77.500000 0.401333 0.106000 0.199333 0.178000 0.115333 
78.000000 0.395333 0.112000 0.211333 0.167333 0.114000 
78.500000 0.381333 0.119333 0.212000 0.168667 0.118667 
79.000000 0.376667 0.128667 0.210667 0.164667 0.119333 
79.500000 0.380667 0.123333 0.213333 0.162667 0.120000 
80.000000 0.382000 0.120667 0.212667 0.163333 0.121333 
80.500000 0.394667 0.108667 0.210667 0.164667 0.121333 
81.000000 0.407333 0.100667 0.212667 0.158000 0.121333 
81.500000 0.416000 0.091333 0.216667 0.156667 0.119333 
82.000000 0.400667 0.104000 0.211333 0.165333 0.118667 
82.500000 0.377333 0.120000 0.206000 0.177333 0.119333 
83.000000 0.372667 0.130667 0.209333 0.168667 0.118667 
83.500000 0.366667 0.134000 0.208000 0.172000 0.119333 
84.000000 0.360667 0.144667 0.204667 0.170000 0.120000 
84.500000 0.373333 0.136000 0.208000 0.162000 0.120667 
85.000000 0.382000 0.128000 0.213333 0.156000 0.120667 
85.500000 0.390000 0.114000 0.207333 0.167333 0.121333 
86.000000 0.404667 0.100667 0.216000 0.157333 0.121333 
86.500000 0.404667 0.098000 0.222000 0.152667 0.122667 
87.000000 0.402000 0.099333 0.206667 0.170000 0.122000 
87.500000 0.384000 0.112667 0.215333 0.166667 0.121333 
88.000000 0.374667 0.121333 0.214000 0.168667 0.121333 
88.500000 0.362000 0.132667 0.211333 0.172667 0.121333 
89.000000 0.365333 0.134000 0.204000 0.173333 0.123333 
89.500000 0.366667 0.132000 0.208000 0.170000 0.123333 
90.000000 0.383333 0.119333 0.205333 0.168667 0.123333 
90.500000 0.388000 0.114667 0.208667 0.165333 0.123333 
91.000000 0.399333 0.102000 0.210000 0.164667 0.124000 
91.500000 0.393333 0.104667 0.216000 0.162000 0.124000 
92.000000 0.399333 0.096667 0.204000 0.175333 0.124667 
92.500000 0.387333 0.106667 0.208000 0.174000 0.124000 
93.000000 0.358667 0.136000 0.202667 0.176667 0.126000 
93.500000 0.359333 0.142000 0.204667 0.166667 0.127333 
94.000000 0.352000 0.152000 0.205333 0.165333 0.125333 
94.500000 0.351333 0.154000 0.202000 0.165333 0.127333 
95.000000 0.370000 0.136667 0.204000 0.162667 0.126667 
95.500000 0.379333 0.129333 0.203333 0.161333 0.126667 
96.000000 0.397333 0.110000 0.203333 0.162000 0.127333 
96.500000 0.407333 0.098667 0.194000 0.173333 0.126667 
97.000000 0.402000 0.098667 0.190000 0.181333 0.128000 
97.500000 0.387333 0.110667 0.186000 0.188667 0.127333 
98.000000 0.380000 0.116000 0.190667 0.185333 0.128000 
98.500000 0.362667 0.134000 0.198000 0.176000 0.129333 
99.000000 0.362000 0.137333 0.195333 0.174000 0.131333 
99.500000 0.362667 0.136000 0.196000 0.174000 0.131333 
100.000000 0.368000 0.131333 0.199333 0.168000 0.133333 
100.500000 0.382667 0.117333 0.201333 0.166667 0.132000 
101.000000 0.394667 0.107333 0.204667 0.160667 0.132667 
101.500000 0.391333 0.108000 0.200000 0.168000 0.132667 
102.000000 0.398000 0.100667 0.202667 0.166667 0.132000 
102.500000 0.395333 0.102667 0.198000 0.171333 0.132667 
103.000000 0.378667 0.114000 0.194667 0.180667 0.132000 
103.500000 0.371333 0.120000 0.202000 0.177333 0.129333 
104.000000 0.366667 0.125333 0.205333 0.168667 0.134000 
104.500000 0.358000 0.131333 0.210000 0.166000 0.134667 
105.000000 0.367333 0.124667 0.206667 0.167333 0.134000 
105.500000 0.386000 0.104667 0.202000 0.173333 0.134000 
106.000000 0.392667 0.094667 0.210000 0.168667 0.134000 
106.500000 0.395333 0.091333 0.210000 0.170000 0.133333 
107.000000 0.395333 0.087333 0.206667 0.177333 0.133333 
107.500000 0.384667 0.097333 0.208667 0.176667 0.132667 
108.000000 0.378000 0.101333 0.203333 0.183333 0.134000 
108.500000 0.365333 0.116000 0.212000 0.172667 0.134000 
109.000000 0.367333 0.116000 0.208000 0.172000 0.136667 
109.500000 0.365333 0.118000 0.206667 0.170667 0.139333 
110.000000 0.370667 0.118000 0.212000 0.158667 0.140667 
110.500000 0.370000 0.114667 0.216000 0.158667 0.140667 
111.000000 0.374000 0.112000 0.214667 0.158667 0.140667 
111.500000 0.381333 0.104000 0.212667 0.162000 0.140000 
112.000000 0.378000 0.105333 0.209333 0.166667 0.140667 
112.500000 0.378667 0.104667 0.192667 0.184000 0.140000 
113.000000 0.373333 0.114000 0.189333 0.182667 0.140667 
113.500000 0.370667 0.120667 0.192000 0.177333 0.139333 
114.000000 0.365333 0.127333 0.197333 0.168000 0.142000 
114.500000 0.361333 0.129333 0.198000 0.168000 0.143333 
115.000000 0.365333 0.124000 0.195333 0.172000 0.143333 
115.500000 0.380667 0.110000 0.195333 0.170667 0.143333 
116.000000 0.388667 0.102667 0.193333 0.172667 0.142667 
116.500000 0.391333 0.096667 0.195333 0.173333 0.143333 
117.000000 0.391333 0.095333 0.195333 0.175333 0.142667 
117.500000 0.384000 0.102667 0.192000 0.176667 0.144667 
118.000000 0.375333 0.118667 0.188667 0.173333 0.144000 
118.500000 0.356667 0.133333 0.194000 0.170667 0.145333 
119.000000 0.356000 0.134000 0.206667 0.160000 0.143333 
119.500000 0.354000 0.140667 0.207333 0.154000 0.144000 
120.000000 0.357333 0.137333 0.198667 0.162667 0.144000 
120.500000 0.366000 0.129333 0.198000 0.162667 0.144000 
121.000000 0.382667 0.111333 0.200667 0.161333 0.144000 
121.500000 0.395333 0.098667 0.195333 0.166667 0.144000 
122.000000 0.390000 0.099333 0.198667 0.169333 0.142667 
122.500000 0.380000 0.106000 0.203333 0.167333 0.143333 
123.000000 0.360667 0.120000 0.207333 0.166667 0.145333 
123.500000 0.344000 0.130000 0.208667 0.171333 0.146000 
124.000000 0.352000 0.128667 0.204000 0.166000 0.149333 
124.500000 0.357333 0.126000 0.205333 0.166000 0.145333 
125.000000 0.359333 0.122000 0.212667 0.158667 0.147333 
125.500000 0.368000 0.112000 0.211333 0.161333 0.147333 
126.000000 0.382000 0.098000 0.206667 0.166667 0.146667 
126.500000 0.382667 0.094000 0.207333 0.170000 0.146000 
127.000000 0.381333 0.096000 0.192667 0.183333 0.146667 
127.500000 0.371333 0.107333 0.198000 0.177333 0.146000 
128.000000 0.370667 0.114667 0.198000 0.171333 0.145333 
128.500000 0.361333 0.124667 0.192667 0.176000 0.145333 
129.000000 0.342667 0.146000 0.193333 0.169333 0.148667 
129.500000 0.352667 0.136000 0.193333 0.170000 0.148000 
130.000000 0.356667 0.132667 0.198000 0.164000 0.148667 
130.500000 0.375333 0.114667 0.200667 0.162000 0.147333 
131.000000 0.388667 0.100000 0.204000 0.158667 0.148667 
131.500000 0.405333 0.084667 0.190667 0.171333 0.148000 
132.000000 0.399333 0.092000 0.186667 0.173333 0.148667 
132.500000 0.388000 0.097333 0.191333 0.175333 0.148000 
133.000000 0.394000 0.098667 0.194667 0.166667 0.146000 
133.500000 0.383333 0.115333 0.190667 0.164667 0.146000 
134.000000 0.373333 0.123333 0.195333 0.161333 0.146667 
134.500000 0.374667 0.124000 0.196667 0.159333 0.145333 
135.000000 0.372667 0.122667 0.204667 0.154667 0.145333 
135.500000 0.378667 0.116667 0.200667 0.158667 0.145333 
136.000000 0.382667 0.112000 0.196667 0.164667 0.144000 
136.500000 0.393333 0.100000 0.199333 0.164000 0.143333 
137.000000 0.394000 0.100667 0.195333 0.168000 0.142000 
137.500000 0.378667 0.113333 0.192667 0.174000 0.141333 
138.000000 0.366667 0.128000 0.193333 0.171333 0.140667 
138.500000 0.354000 0.144000 0.192667 0.168667 0.140667 
139.000000 0.350000 0.146667 0.206000 0.157333 0.140000 
139.500000 0.356667 0.140667 0.202000 0.160667 0.140000 
140.000000 0.362000 0.132667 0.205333 0.160000 0.140000 
140.500000 0.382000 0.113333 0.207333 0.158000 0.139333 
141.000000 0.392000 0.102667 0.206667 0.158667 0.140000 
141.500000 0.404667 0.089333 0.198000 0.168000 0.140000 
142.000000 0.402667 0.089333 0.204000 0.164000 0.140000 
142.500000 0.375333 0.116000 0.192667 0.176667 0.139333 
143.000000 0.364000 0.128000 0.194667 0.174667 0.138667 
143.500000 0.351333 0.144667 0.193333 0.175333 0.135333 
144.000000 0.344000 0.153333 0.187333 0.179333 0.136000 
144.500000 0.346667 0.149333 0.192667 0.173333 0.138000 
145.000000 0.360667 0.138000 0.189333 0.172000 0.140000 
145.500000 0.384667 0.114000 0.192000 0.170000 0.139333 
146.000000 0.382667 0.116667 0.193333 0.167333 0.140000 
146.500000 0.386667 0.112000 0.190000 0.170667 0.140667 
147.000000 0.408000 0.092667 0.184000 0.175333 0.140000 
147.500000 0.404000 0.098667 0.179333 0.179333 0.138667 
148.000000 0.390000 0.110000 0.174667 0.187333 0.138000 
148.500000 0.375333 0.126667 0.176667 0.182000 0.139333 
149.000000 0.376000 0.127333 0.179333 0.178667 0.138667 
149.500000 0.382667 0.127333 0.173333 0.178000 0.138667 
150.000000 0.388667 0.122000 0.174000 0.176667 0.138667 
150.500000 0.396667 0.110667 0.182667 0.171333 0.138667 
151.000000 0.408667 0.101333 0.176667 0.174667 0.138667 
151.500000 0.408000 0.101333 0.185333 0.166667 0.138667 
152.000000 0.410667 0.098667 0.183333 0.169333 0.138000 
152.500000 0.400000 0.105333 0.194000 0.164000 0.136667 
153.000000 0.382667 0.120667 0.194667 0.166000 0.136000 
153.500000 0.364667 0.138667 0.188667 0.168667 0.139333 
154.000000 0.362667 0.138667 0.194667 0.164000 0.140000 
154.500000 0.367333 0.138000 0.195333 0.159333 0.140000 
155.000000 0.378667 0.122000 0.198000 0.160667 0.140667 
155.500000 0.382667 0.117333 0.188667 0.171333 0.140000 
156.000000 0.381333 0.118000 0.189333 0.170667 0.140667 
156.500000 0.387333 0.109333 0.190667 0.172667 0.140000 
157.000000 0.397333 0.098667 0.189333 0.175333 0.139333 
157.500000 0.377333 0.117333 0.187333 0.180000 0.138000 
158.000000 0.368000 0.125333 0.188000 0.181333 0.137333 
158.500000 0.360000 0.131333 0.182667 0.189333 0.136667 
159.000000 0.354000 0.132667 0.194000 0.179333 0.140000 
159.500000 0.369333 0.120000 0.189333 0.179333 0.142000 
160.000000 0.366667 0.120667 0.196667 0.172667 0.143333 
160.500000 0.368667 0.117333 0.202667 0.167333 0.144000 
161.000000 0.380667 0.102667 0.195333 0.178000 0.143333 
161.500000 0.379333 0.106000 0.196667 0.175333 0.142667 
162.000000 0.386667 0.095333 0.210667 0.163333 0.144000 
162.500000 0.378667 0.105333 0.203333 0.169333 0.143333 
163.000000 0.372667 0.106667 0.207333 0.173333 0.140000 
163.500000 0.360000 0.119333 0.204000 0.178667 0.138000 
164.000000 0.347333 0.132000 0.210667 0.170000 0.140000 
164.500000 0.355333 0.122667 0.212000 0.172667 0.137333 
165.000000 0.358667 0.120000 0.210000 0.175333 0.136000 
165.500000 0.373333 0.104667 0.209333 0.176000 0.136667 
166.000000 0.379333 0.098000 0.203333 0.182667 0.136667 
166.500000 0.390000 0.085333 0.205333 0.182000 0.137333 
167.000000 0.389333 0.088000 0.201333 0.182667 0.138667 
167.500000 0.370000 0.105333 0.204667 0.183333 0.136667 
168.000000 0.364000 0.102667 0.202667 0.192667 0.138000 
168.500000 0.352000 0.115333 0.207333 0.187333 0.138000 
169.000000 0.342667 0.130000 0.204667 0.182000 0.140667 
169.500000 0.350667 0.125333 0.213333 0.171333 0.139333 
170.000000 0.346667 0.125333 0.219333 0.168000 0.140667 
170.500000 0.355333 0.116000 0.219333 0.170000 0.139333 
171.000000 0.364667 0.107333 0.227333 0.161333 0.139333 
171.500000 0.371333 0.099333 0.226000 0.164667 0.138667 
172.000000 0.382667 0.090000 0.218667 0.168667 0.140000 
172.500000 0.362667 0.104667 0.216000 0.177333 0.139333 
173.000000 0.361333 0.102000 0.223333 0.176000 0.137333 
173.500000 0.355333 0.114000 0.224667 0.168667 0.137333 
174.000000 0.352667 0.120667 0.218667 0.171333 0.136667 
174.500000 0.354667 0.119333 0.221333 0.168000 0.136667 
175.000000 0.358667 0.117333 0.224000 0.162667 0.137333 
175.500000 0.368000 0.107333 0.223333 0.162667 0.138667 
176.000000 0.382667 0.094000 0.226667 0.160000 0.136667 
176.500000 0.386667 0.091333 0.224000 0.161333 0.136667 
177.000000 0.378667 0.096667 0.222667 0.166000 0.136000 
177.500000 0.366667 0.108000 0.217333 0.172000 0.136000 
178.000000 0.345333 0.128000 0.221333 0.169333 0.136000 
178.500000 0.334000 0.149333 0.217333 0.158000 0.141333 
179.000000 0.340667 0.148000 0.210667 0.159333 0.141333 
179.500000 0.332000 0.151333 0.209333 0.165333 0.142000 
180.000000 0.358667 0.129333 0.208000 0.162000 0.142000 
180.500000 0.359333 0.124667 0.208000 0.165333 0.142667 
181.000000 0.380667 0.103333 0.214667 0.160000 0.141333 
181.500000 0.380000 0.102667 0.204000 0.171333 0.142000 
182.000000 0.378000 0.104000 0.195333 0.180667 0.142000 
182.500000 0.368000 0.114000 0.193333 0.184000 0.140667 
183.000000 0.366000 0.117333 0.188000 0.188000 0.140667 
183.500000 0.356667 0.128000 0.190000 0.184667 0.140667 
184.000000 0.345333 0.138667 0.192667 0.183333 0.140000 
184.500000 0.353333 0.130000 0.188667 0.186667 0.141333 
185.000000 0.352000 0.132667 0.188000 0.184667 0.142667 
185.500000 0.370667 0.112000 0.194667 0.179333 0.143333 
186.000000 0.390000 0.090667 0.190000 0.186667 0.142667 
186.500000 0.394667 0.084667 0.190000 0.188000 0.142667 
187.000000 0.394667 0.086000 0.184667 0.192000 0.142667 
187.500000 0.371333 0.106667 0.180000 0.200667 0.141333 
188.000000 0.357333 0.115333 0.188667 0.196000 0.142667 
188.500000 0.346667 0.125333 0.195333 0.187333 0.145333 
189.000000 0.338000 0.130667 0.200667 0.182667 0.148000 
189.500000 0.342000 0.130667 0.192000 0.188000 0.147333 
190.000000 0.356667 0.116667 0.203333 0.176667 0.146667 
190.500000 0.354667 0.117333 0.209333 0.172000 0.146667 
191.000000 0.378000 0.094667 0.206667 0.174000 0.146667 
191.500000 0.382000 0.089333 0.216000 0.167333 0.145333 
192.000000 0.374667 0.096000 0.210000 0.172667 0.146667 
192.500000 0.366000 0.103333 0.208667 0.175333 0.146667 
193.000000 0.351333 0.116000 0.202000 0.183333 0.147333 
193.500000 0.344000 0.122667 0.207333 0.178000 0.148000 
194.000000 0.342667 0.128000 0.212667 0.164667 0.152000 
194.500000 0.337333 0.134667 0.212667 0.162667 0.152667 
195.000000 0.339333 0.130000 0.218667 0.162000 0.150000 
195.500000 0.340667 0.130667 0.216000 0.163333 0.149333 
196.000000 0.355333 0.114000 0.214667 0.166667 0.149333 
196.500000 0.372667 0.097333 0.223333 0.157333 0.149333 
197.000000 0.368000 0.107333 0.207333 0.170000 0.147333 
197.500000 0.354000 0.116000 0.216000 0.166000 0.148000 
198.000000 0.360667 0.116000 0.204000 0.170000 0.149333 
198.500000 0.339333 0.137333 0.200000 0.172000 0.151333 
199.000000 0.342667 0.136667 0.200667 0.166667 0.153333 
199.500000 0.338667 0.137333 0.200000 0.168667 0.155333 
200.000000 0.347333 0.128667 0.204000 0.162000 0.158000 
200.500000 0.365333 0.112000 0.202000 0.163333 0.157333 
201.000000 0.377333 0.100000 0.204000 0.160667 0.158000 
201.500000 0.392667 0.087333 0.197333 0.165333 0.157333 
202.000000 0.391333 0.088667 0.199333 0.164000 0.156667 
202.500000 0.380667 0.098000 0.208667 0.156667 0.156000 
203.000000 0.364000 0.113333 0.201333 0.162667 0.158667 
203.500000 0.356000 0.116667 0.197333 0.170667 0.159333 
204.000000 0.354000 0.123333 0.204000 0.158000 0.160667 
204.500000 0.365333 0.116667 0.197333 0.159333 0.161333 
205.000000 0.365333 0.114000 0.212000 0.146667 0.162000 
205.500000 0.372000 0.106667 0.202000 0.157333 0.162000 
206.000000 0.392000 0.091333 0.198000 0.156667 0.162000 
206.500000 0.394667 0.084000 0.184000 0.175333 0.162000 
207.000000 0.390000 0.090667 0.192000 0.166667 0.160667 
207.500000 0.384000 0.094000 0.184000 0.177333 0.160667 
208.000000 0.365333 0.116000 0.180000 0.176667 0.162000 
208.500000 0.362667 0.122000 0.177333 0.178000 0.160000 
209.000000 0.351333 0.128667 0.187333 0.171333 0.161333 
209.500000 0.354000 0.129333 0.186000 0.168000 0.162667 
210.000000 0.354667 0.129333 0.191333 0.162667 0.162000 
210.500000 0.366667 0.116000 0.194667 0.161333 0.161333 
211.000000 0.379333 0.103333 0.188667 0.167333 0.161333 
211.500000 0.385333 0.097333 0.184000 0.171333 0.162000 
212.000000 0.387333 0.094000 0.179333 0.179333 0.160000 
212.500000 0.377333 0.103333 0.180667 0.176000 0.162667 
213.000000 0.376667 0.103333 0.179333 0.178000 0.162667 
213.500000 0.368000 0.112667 0.184667 0.170000 0.164667 
214.000000 0.365333 0.118000 0.186000 0.166000 0.164667 
214.500000 0.364667 0.116667 0.196667 0.155333 0.166667 
215.000000 0.366000 0.118667 0.190667 0.158000 0.166667 
215.500000 0.382667 0.102667 0.200667 0.148000 0.166000 
216.000000 0.398667 0.085333 0.202000 0.146667 0.167333 
216.500000 0.398667 0.085333 0.196667 0.152000 0.167333 
217.000000 0.388000 0.092667 0.192667 0.160000 0.166667 
217.500000 0.382000 0.096667 0.188000 0.163333 0.170000 
218.000000 0.358667 0.118000 0.173333 0.177333 0.172667 
218.500000 0.355333 0.120667 0.178000 0.174667 0.171333 
219.000000 0.349333 0.130000 0.180000 0.168667 0.172000 
219.500000 0.343333 0.134667 0.178667 0.171333 0.172000 
220.000000 0.356667 0.126000 0.184000 0.162667 0.170667 
220.500000 0.371333 0.109333 0.181333 0.166667 0.171333 
221.000000 0.378667 0.104000 0.188000 0.158000 0.171333 
221.500000 0.380667 0.100667 0.182000 0.167333 0.169333 
222.000000 0.390667 0.086667 0.182667 0.171333 0.168667 
222.500000 0.381333 0.094000 0.180000 0.176000 0.168667 
223.000000 0.360000 0.122000 0.187333 0.162667 0.168000 
223.500000 0.364000 0.123333 0.197333 0.147333 0.168000 
224.000000 0.352000 0.130667 0.196667 0.149333 0.171333 
224.500000 0.350000 0.130000 0.198667 0.150000 0.171333 
225.000000 0.358000 0.127333 0.196667 0.146667 0.171333 
225.500000 0.372667 0.110667 0.194667 0.151333 0.170667 
226.000000 0.370000 0.110000 0.191333 0.157333 0.171333 
226.500000 0.372667 0.109333 0.195333 0.150667 0.172000 
227.000000 0.377333 0.100667 0.191333 0.159333 0.171333 
227.500000 0.367333 0.112000 0.183333 0.165333 0.172000 
228.000000 0.367333 0.111333 0.176667 0.174000 0.170667 
228.500000 0.361333 0.118000 0.186000 0.162000 0.172667 
229.000000 0.356000 0.125333 0.180667 0.164000 0.174000 
229.500000 0.358000 0.125333 0.186000 0.157333 0.173333 
230.000000 0.357333 0.127333 0.181333 0.160000 0.174000 
230.500000 0.366667 0.118667 0.180000 0.160667 0.174000 
231.000000 0.382667 0.103333 0.176000 0.164000 0.174000 
231.500000 0.376667 0.112000 0.173333 0.164667 0.173333 
232.000000 0.383333 0.108667 0.172000 0.163333 0.172667 
232.500000 0.380667 0.106000 0.176000 0.166000 0.171333 
233.000000 0.369333 0.122667 0.174667 0.160667 0.172667 
233.500000 0.372000 0.129333 0.174000 0.152667 0.172000 
234.000000 0.367333 0.134000 0.172000 0.149333 0.177333 
234.500000 0.368000 0.135333 0.174667 0.145333 0.176667 
235.000000 0.368000 0.134000 0.178667 0.142667 0.176667 
235.500000 0.386667 0.115333 0.176667 0.144667 0.176667 
236.000000 0.396000 0.104667 0.177333 0.145333 0.176667 
236.500000 0.399333 0.100000 0.174667 0.149333 0.176667 
237.000000 0.388000 0.110667 0.170667 0.154667 0.176000 
237.500000 0.373333 0.122667 0.174000 0.153333 0.176667 
238.000000 0.368667 0.128000 0.174667 0.153333 0.175333 
238.500000 0.367333 0.130667 0.184000 0.143333 0.174667 
239.000000 0.351333 0.143333 0.180667 0.147333 0.177333 
239.500000 0.358000 0.136667 0.186000 0.142000 0.177333 
240.000000 0.353333 0.142000 0.190667 0.136667 0.177333 
240.500000 0.368000 0.128667 0.186000 0.140000 0.177333 
241.000000 0.384000 0.114000 0.191333 0.133333 0.177333 
241.500000 0.394000 0.104667 0.187333 0.136000 0.178000 
242.000000 0.386667 0.110000 0.182000 0.143333 0.178000 
242.500000 0.384667 0.104667 0.174000 0.160667 0.176000 
243.000000 0.372667 0.114000 0.176000 0.164000 0.173333 
243.500000 0.354000 0.132667 0.176667 0.162667 0.174000 
244.000000 0.364667 0.128000 0.181333 0.149333 0.176667 
244.500000 0.362000 0.128667 0.183333 0.148667 0.177333 
245.000000 0.370667 0.122667 0.192667 0.136667 0.177333 
245.500000 0.388667 0.102000 0.186667 0.146000 0.176667 
246.000000 0.389333 0.102000 0.188667 0.144000 0.176000 
246.500000 0.386667 0.102667 0.198667 0.136000 0.176000 
247.000000 0.390667 0.096000 0.193333 0.143333 0.176667 
247.500000 0.378000 0.110000 0.187333 0.151333 0.173333 
248.000000 0.368000 0.123333 0.183333 0.150000 0.175333 
248.500000 0.356000 0.140000 0.179333 0.148000 0.176667 
249.000000 0.352000 0.140000 0.185333 0.146000 0.176667 
249.500000 0.354667 0.136667 0.188667 0.142000 0.178000 
250.000000 0.363333 0.132667 0.186667 0.138667 0.178667 
250.500000 0.375333 0.118000 0.188667 0.138667 0.179333 
251.000000 0.383333 0.109333 0.188000 0.140667 0.178667 
251.500000 0.381333 0.109333 0.179333 0.150000 0.180000 
252.000000 0.391333 0.097333 0.179333 0.152667 0.179333 
252.500000 0.368000 0.126667 0.174667 0.152667 0.178000 
253.000000 0.360667 0.130000 0.178000 0.154000 0.177333 
253.500000 0.351333 0.127333 0.166000 0.174667 0.180667 
254.000000 0.351333 0.132667 0.164000 0.172000 0.180000 
254.500000 0.353333 0.131333 0.170667 0.165333 0.179333 
255.000000 0.359333 0.126000 0.168000 0.166000 0.180667 
255.500000 0.380667 0.104000 0.170667 0.164667 0.180000 
256.000000 0.389333 0.094667 0.174667 0.161333 0.180000 
256.500000 0.390000 0.091333 0.180667 0.160667 0.177333 
257.000000 0.385333 0.095333 0.188000 0.152667 0.178667 
257.500000 0.364667 0.111333 0.179333 0.168667 0.176000 
258.000000 0.350667 0.126000 0.182667 0.162667 0.178000 
258.500000 0.333333 0.144000 0.186667 0.157333 0.178667 
259.000000 0.338000 0.139333 0.189333 0.155333 0.178000 
259.500000 0.336667 0.138667 0.194000 0.152667 0.178000 
260.000000 0.353333 0.125333 0.188667 0.156000 0.176667 
260.500000 0.358667 0.120000 0.196000 0.149333 0.176000 
261.000000 0.367333 0.110000 0.191333 0.156667 0.174667 
261.500000 0.381333 0.099333 0.200000 0.145333 0.174000 
262.000000 0.374667 0.099333 0.188667 0.166000 0.171333 
262.500000 0.364000 0.109333 0.191333 0.165333 0.170000 
263.000000 0.352667 0.118667 0.189333 0.166667 0.172667 
263.500000 0.342667 0.134000 0.181333 0.168667 0.173333 
264.000000 0.340000 0.136000 0.186000 0.166000 0.172000 
264.500000 0.338000 0.135333 0.192000 0.163333 0.171333 
265.000000 0.358000 0.120000 0.192000 0.159333 0.170667 
265.500000 0.363333 0.115333 0.188667 0.160000 0.172667 
266.000000 0.378667 0.100667 0.189333 0.159333 0.172000 
266.500000 0.388000 0.092000 0.182667 0.164667 0.172667 
267.000000 0.366667 0.112000 0.175333 0.174000 0.172000 
267.500000 0.364667 0.113333 0.175333 0.176000 0.170667 
268.000000 0.358667 0.120000 0.176000 0.178000 0.167333 
268.500000 0.341333 0.136667 0.170667 0.183333 0.168000 
269.000000 0.345333 0.140667 0.162667 0.181333 0.170000 
269.500000 0.342667 0.141333 0.173333 0.170667 0.172000 
270.000000 0.352000 0.132667 0.176000 0.166667 0.172667 
270.500000 0.367333 0.118000 0.175333 0.166667 0.172667 
271.000000 0.369333 0.110000 0.181333 0.166667 0.172667 
271.500000 0.375333 0.104667 0.186000 0.162667 0.171333 
272.000000 0.384667 0.094667 0.188000 0.161333 0.171333 
272.500000 0.372000 0.104667 0.187333 0.166000 0.170000 
273.000000 0.369333 0.110667 0.178667 0.172000 0.169333 
273.500000 0.362667 0.118000 0.180667 0.170000 0.168667 
274.000000 0.352000 0.126000 0.188000 0.160667 0.173333 
274.500000 0.348667 0.129333 0.189333 0.159333 0.173333 
275.000000 0.351333 0.127333 0.186667 0.161333 0.173333 
275.500000 0.360667 0.116667 0.182000 0.168667 0.172000 
276.000000 0.376667 0.101333 0.183333 0.168000 0.170667 
276.500000 0.384000 0.093333 0.177333 0.175333 0.170000 
277.000000 0.376000 0.103333 0.184000 0.169333 0.167333 
277.500000 0.370000 0.109333 0.181333 0.171333 0.168000 
278.000000 0.358000 0.122667 0.183333 0.169333 0.166667 
278.500000 0.351333 0.135333 0.184000 0.162667 0.166667 
279.000000 0.350667 0.138667 0.187333 0.153333 0.170000 
279.500000 0.350000 0.144000 0.188667 0.145333 0.172000 
280.000000 0.360667 0.134000 0.191333 0.141333 0.172667 
280.500000 0.360667 0.134000 0.187333 0.146000 0.172000 
281.000000 0.380000 0.114667 0.192667 0.140667 0.172000 
281.500000 0.392000 0.100000 0.186667 0.150000 0.171333 
282.000000 0.384667 0.104000 0.186000 0.154000 0.171333 
282.500000 0.372667 0.114000 0.174000 0.167333 0.172000 
283.000000 0.360667 0.126000 0.177333 0.163333 0.172667 
283.500000 0.354000 0.127333 0.181333 0.161333 0.176000 
284.000000 0.352000 0.135333 0.190667 0.146000 0.176000 
284.500000 0.350667 0.133333 0.191333 0.148667 0.176000 
285.000000 0.351333 0.132667 0.184000 0.154667 0.177333 
285.500000 0.355333 0.128000 0.186667 0.152667 0.177333 
286.000000 0.368000 0.114667 0.194667 0.146667 0.176000 
286.500000 0.389333 0.095333 0.188667 0.150000 0.176667 
287.000000 0.388667 0.093333 0.182667 0.160000 0.175333 
287.500000 0.384000 0.096667 0.186667 0.157333 0.175333 
288.000000 0.370000 0.119333 0.176667 0.158000 0.176000 
288.500000 0.356667 0.134000 0.180667 0.154667 0.174000 
289.000000 0.345333 0.148000 0.185333 0.146000 0.175333 
289.500000 0.348667 0.148000 0.189333 0.137333 0.176667 
290.000000 0.363333 0.132667 0.180000 0.146000 0.178000 
290.500000 0.364000 0.130000 0.183333 0.146667 0.176000 
291.000000 0.377333 0.114000 0.182667 0.150000 0.176000 
291.500000 0.383333 0.108000 0.188000 0.144667 0.176000 
292.000000 0.389333 0.100667 0.193333 0.143333 0.173333 
292.500000 0.377333 0.110000 0.194000 0.146000 0.172667 
293.000000 0.362667 0.120667 0.191333 0.150000 0.175333 
293.500000 0.346000 0.134667 0.188000 0.156667 0.174667 
294.000000 0.347333 0.130000 0.189333 0.155333 0.178000 
294.500000 0.347333 0.133333 0.186000 0.156667 0.176667 
295.000000 0.353333 0.125333 0.186000 0.158667 0.176667 
295.500000 0.372667 0.100667 0.188000 0.161333 0.177333 
296.000000 0.386667 0.088667 0.181333 0.166000 0.177333 
296.500000 0.388667 0.085333 0.174667 0.174000 0.177333 
297.000000 0.373333 0.098000 0.172667 0.178667 0.177333 
297.500000 0.360667 0.106667 0.171333 0.183333 0.178000 
298.000000 0.350667 0.118667 0.174000 0.178000 0.178667 
298.500000 0.338667 0.126667 0.182667 0.172667 0.179333 
299.000000 0.346000 0.120000 0.193333 0.162000 0.178667 
299.500000 0.341333 0.128667 0.182667 0.170667 0.176667 
300.000000 0.346000 0.120667 0.190000 0.166000 0.177333 
300.500000 0.356667 0.111333 0.192000 0.162667 0.177333 
301.000000 0.364667 0.104667 0.186667 0.166000 0.178000 
301.500000 0.365333 0.101333 0.188000 0.168000 0.177333 
302.000000 0.368000 0.094667 0.182667 0.179333 0.175333 
302.500000 0.358000 0.105333 0.183333 0.178000 0.175333 
303.000000 0.339333 0.114000 0.197333 0.176000 0.173333 
303.500000 0.330667 0.118000 0.205333 0.171333 0.174667 
304.000000 0.324000 0.124000 0.214667 0.162667 0.174667 
304.500000 0.328000 0.119333 0.210667 0.166667 0.175333 
305.000000 0.330667 0.115333 0.210000 0.168000 0.176000 
305.500000 0.337333 0.112667 0.206667 0.167333 0.176000 
306.000000 0.355333 0.094667 0.212667 0.160667 0.176667 
306.500000 0.360000 0.092667 0.205333 0.166000 0.176000 
307.000000 0.360667 0.089333 0.198000 0.176667 0.175333 
307.500000 0.344667 0.104000 0.198000 0.178667 0.174667 
308.000000 0.334667 0.116000 0.192667 0.180000 0.176667 
308.500000 0.329333 0.128000 0.186667 0.180000 0.176000 
309.000000 0.332000 0.130000 0.182667 0.179333 0.176000 
309.500000 0.336667 0.131333 0.192000 0.164000 0.176000 
310.000000 0.350000 0.120000 0.186000 0.167333 0.176667 
310.500000 0.356000 0.112667 0.195333 0.160667 0.175333 
311.000000 0.386667 0.082667 0.199333 0.156667 0.174667 
311.500000 0.384667 0.084667 0.192667 0.163333 0.174667 
312.000000 0.376667 0.091333 0.191333 0.166667 0.174000 
312.500000 0.382000 0.093333 0.184667 0.165333 0.174667 
313.000000 0.362000 0.113333 0.192667 0.157333 0.174667 
313.500000 0.352667 0.124667 0.189333 0.156000 0.177333 
314.000000 0.344667 0.140667 0.190000 0.147333 0.177333 
314.500000 0.350667 0.132000 0.192667 0.146000 0.178667 
315.000000 0.355333 0.130667 0.190000 0.145333 0.178667 
315.500000 0.368667 0.114667 0.192000 0.147333 0.177333 
316.000000 0.396667 0.086667 0.188667 0.150000 0.178000 
316.500000 0.392000 0.090667 0.187333 0.152667 0.177333 
317.000000 0.388000 0.092667 0.174667 0.169333 0.175333 
317.500000 0.379333 0.098667 0.171333 0.174667 0.176000 
318.000000 0.362000 0.117333 0.167333 0.176667 0.176667 
318.500000 0.353333 0.131333 0.166667 0.170000 0.178667 
319.000000 0.352000 0.131333 0.166000 0.172000 0.178667 
319.500000 0.354000 0.128667 0.168667 0.168000 0.180667 
320.000000 0.362667 0.120000 0.174000 0.162000 0.181333 
320.500000 0.370000 0.112000 0.170667 0.165333 0.182000 
321.000000 0.386000 0.095333 0.179333 0.156667 0.182667 
321.500000 0.396667 0.084000 0.179333 0.158667 0.181333 
322.000000 0.386667 0.094000 0.185333 0.152667 0.181333 
322.500000 0.370000 0.108667 0.183333 0.157333 0.180667 
323.000000 0.348667 0.128667 0.185333 0.154000 0.183333 
323.500000 0.345333 0.130000 0.182667 0.160667 0.181333 
324.000000 0.340667 0.136667 0.179333 0.160667 0.182667 
324.500000 0.338000 0.140667 0.180667 0.156000 0.184667 
325.000000 0.352667 0.126667 0.184667 0.151333 0.184667 
325.500000 0.366667 0.112000 0.184667 0.152000 0.184667 
326.000000 0.376000 0.102667 0.182000 0.155333 0.184000 
326.500000 0.373333 0.104000 0.182000 0.155333 0.185333 
327.000000 0.379333 0.097333 0.186000 0.154667 0.182667 
327.500000 0.375333 0.102667 0.176667 0.164667 0.180667 
328.000000 0.361333 0.120667 0.170667 0.165333 0.182000 
328.500000 0.351333 0.132667 0.173333 0.162667 0.180000 
329.000000 0.345333 0.143333 0.174667 0.154000 0.182667 
329.500000 0.351333 0.136667 0.178000 0.151333 0.182667 
330.000000 0.355333 0.132667 0.176000 0.152667 0.183333 
330.500000 0.371333 0.117333 0.176667 0.152667 0.182000 
331.000000 0.394000 0.095333 0.176000 0.152667 0.182000 
331.500000 0.387333 0.100667 0.182667 0.148667 0.180667 
332.000000 0.384667 0.101333 0.173333 0.160667 0.180000 
332.500000 0.383333 0.101333 0.168667 0.166667 0.180000 
333.000000 0.376000 0.110000 0.170000 0.164667 0.179333 
333.500000 0.355333 0.126667 0.171333 0.165333 0.181333 
334.000000 0.349333 0.128000 0.183333 0.155333 0.184000 
334.500000 0.358000 0.125333 0.176667 0.156000 0.184000 
335.000000 0.367333 0.116000 0.171333 0.159333 0.186000 
335.500000 0.377333 0.106000 0.176000 0.155333 0.185333 
336.000000 0.384000 0.102000 0.176000 0.153333 0.184667 
336.500000 0.392667 0.092000 0.176667 0.152000 0.186667 
337.000000 0.374667 0.105333 0.176000 0.158000 0.186000 
337.500000 0.366000 0.110667 0.177333 0.158667 0.187333 
338.000000 0.351333 0.124000 0.178000 0.158667 0.188000 
338.500000 0.351333 0.123333 0.169333 0.166000 0.190000 
339.000000 0.342000 0.129333 0.168667 0.170000 0.190000 
339.500000 0.348667 0.122000 0.171333 0.166667 0.191333 
340.000000 0.348000 0.122000 0.183333 0.153333 0.193333 
340.500000 0.350667 0.119333 0.184667 0.152667 0.192667 
341.000000 0.364667 0.105333 0.186000 0.151333 0.192667 
341.500000 0.368000 0.101333 0.184000 0.154000 0.192667 
342.000000 0.372667 0.098000 0.180667 0.157333 0.191333 
342.500000 0.371333 0.099333 0.172667 0.166000 0.190667 
343.000000 0.360000 0.108667 0.171333 0.168000 0.192000 
343.500000 0.346667 0.122000 0.174000 0.165333 0.192000 
344.000000 0.341333 0.127333 0.178000 0.162000 0.191333 
344.500000 0.343333 0.129333 0.186000 0.150000 0.191333 
345.000000 0.347333 0.124667 0.185333 0.150667 0.192000 
345.500000 0.356667 0.115333 0.186667 0.149333 0.192000 
346.000000 0.362667 0.108000 0.179333 0.157333 0.192667 
346.500000 0.371333 0.096667 0.179333 0.159333 0.193333 
347.000000 0.353333 0.113333 0.185333 0.158000 0.190000 
347.500000 0.350667 0.114000 0.186667 0.158000 0.190667 
348.000000 0.341333 0.125333 0.178667 0.164000 0.190667 
348.500000 0.326000 0.136000 0.174667 0.169333 0.194000 
349.000000 0.324667 0.133333 0.183333 0.164000 0.194667 
349.500000 0.327333 0.132000 0.184667 0.163333 0.192667 
350.000000 0.334000 0.123333 0.195333 0.153333 0.194000 
350.500000 0.337333 0.116667 0.198667 0.154667 0.192667 
351.000000 0.356000 0.098667 0.190667 0.161333 0.193333 
351.500000 0.364000 0.094000 0.190667 0.159333 0.192000 
352.000000 0.368667 0.086667 0.195333 0.156000 0.193333 
