0.000000 0.461598 0.086889 0.264546 0.179209 0.007758 
0.500000 0.454616 0.093871 0.263770 0.179984 0.007758 
1.000000 0.449961 0.097750 0.266098 0.178433 0.007758 
1.500000 0.453064 0.095423 0.267649 0.176106 0.007758 
2.000000 0.457719 0.091544 0.269201 0.173778 0.007758 
2.500000 0.451513 0.096974 0.268425 0.174554 0.008534 
3.000000 0.443755 0.104732 0.270753 0.173002 0.007758 
3.500000 0.446082 0.102405 0.267649 0.176106 0.007758 
4.000000 0.445306 0.101629 0.266874 0.176881 0.009310 
4.500000 0.446082 0.101629 0.260667 0.181536 0.010085 
5.000000 0.456168 0.092320 0.247479 0.193949 0.010085 
5.500000 0.449185 0.098526 0.250582 0.191621 0.010085 
6.000000 0.453840 0.095423 0.256788 0.183863 0.010085 
6.500000 0.446082 0.100853 0.252909 0.190070 0.010085 
7.000000 0.450737 0.098526 0.254461 0.186191 0.010085 
7.500000 0.445306 0.103957 0.245927 0.194725 0.010085 
8.000000 0.446858 0.101629 0.240497 0.200931 0.010085 
8.500000 0.449961 0.098526 0.243600 0.197052 0.010861 
9.000000 0.439100 0.112490 0.244375 0.193173 0.010861 
9.500000 0.442979 0.107836 0.245927 0.192397 0.010861 
10.000000 0.435997 0.115593 0.249806 0.187742 0.010861 
10.500000 0.439100 0.111715 0.245927 0.192397 0.010861 
11.000000 0.453840 0.097750 0.249806 0.187742 0.010861 
11.500000 0.446858 0.103957 0.250582 0.187742 0.010861 
12.000000 0.446082 0.107836 0.244375 0.190070 0.011637 
12.500000 0.442203 0.112490 0.246703 0.186967 0.011637 
13.000000 0.440652 0.110939 0.255237 0.181536 0.011637 
13.500000 0.443755 0.109387 0.249030 0.186191 0.011637 
14.000000 0.436773 0.115593 0.252909 0.183088 0.011637 
14.500000 0.445306 0.107836 0.243600 0.192397 0.010861 
15.000000 0.435221 0.117921 0.248254 0.186967 0.011637 
15.500000 0.420481 0.131109 0.250582 0.186191 0.011637 
16.000000 0.426687 0.128782 0.256012 0.176881 0.011637 
16.500000 0.424360 0.128782 0.251358 0.183863 0.011637 
17.000000 0.430566 0.124903 0.256788 0.176106 0.011637 
17.500000 0.431342 0.126455 0.256788 0.173778 0.011637 
18.000000 0.422808 0.136540 0.252133 0.175330 0.013189 
18.500000 0.438324 0.122576 0.249030 0.176881 0.013189 
19.000000 0.431342 0.132661 0.251358 0.169899 0.014740 
19.500000 0.432894 0.133437 0.251358 0.167572 0.014740 
20.000000 0.445306 0.125679 0.260667 0.152832 0.015516 
20.500000 0.436773 0.134213 0.262995 0.148953 0.017067 
21.000000 0.447634 0.123351 0.258340 0.153607 0.017067 
21.500000 0.446858 0.126455 0.257564 0.152056 0.017067 
22.000000 0.448410 0.125679 0.252133 0.156711 0.017067 
22.500000 0.447634 0.129558 0.255237 0.150504 0.017067 
23.000000 0.453840 0.121800 0.260667 0.146625 0.017067 
23.500000 0.454616 0.125679 0.260667 0.141195 0.017843 
24.000000 0.458495 0.124127 0.269201 0.129558 0.018619 
24.500000 0.458495 0.124903 0.269201 0.127230 0.020171 
25.000000 0.459271 0.125679 0.267649 0.127230 0.020171 
25.500000 0.463150 0.121800 0.266098 0.128006 0.020946 
26.000000 0.460822 0.124903 0.268425 0.124903 0.020946 
26.500000 0.462374 0.127230 0.265322 0.124127 0.020946 
27.000000 0.460822 0.128006 0.266098 0.124127 0.020946 
27.500000 0.461598 0.131885 0.263770 0.118697 0.024050 
28.000000 0.462374 0.130334 0.261443 0.122576 0.023274 
28.500000 0.474011 0.128006 0.259891 0.114818 0.023274 
29.000000 0.468580 0.131109 0.262219 0.114818 0.023274 
29.500000 0.470132 0.134988 0.261443 0.108611 0.024825 
30.000000 0.475562 0.133437 0.261443 0.101629 0.027929 
30.500000 0.474787 0.133437 0.264546 0.098526 0.028704 
31.000000 0.494957 0.114818 0.260667 0.098526 0.031032 
31.500000 0.490303 0.120248 0.265322 0.093095 0.031032 
32.000000 0.490303 0.121800 0.264546 0.090768 0.032583 
32.500000 0.494957 0.115593 0.268425 0.088441 0.032583 
33.000000 0.504267 0.108611 0.265322 0.086113 0.035687 
33.500000 0.508146 0.107836 0.262219 0.088441 0.033359 
34.000000 0.507370 0.110939 0.268425 0.078355 0.034911 
34.500000 0.505818 0.111715 0.267649 0.080683 0.034135 
35.000000 0.508922 0.110939 0.269201 0.076804 0.034135 
35.500000 0.510473 0.112490 0.263770 0.077580 0.035687 
36.000000 0.523662 0.100853 0.263770 0.075252 0.036462 
36.500000 0.521334 0.105508 0.263770 0.072925 0.036462 
37.000000 0.512025 0.115593 0.266098 0.069822 0.036462 
37.500000 0.512801 0.112490 0.264546 0.072149 0.038014 
38.000000 0.519783 0.106284 0.267649 0.068270 0.038014 
38.500000 0.521334 0.106284 0.268425 0.065943 0.038014 
39.000000 0.523662 0.107060 0.267649 0.063615 0.038014 
39.500000 0.525213 0.107836 0.264546 0.064391 0.038014 
40.000000 0.532971 0.101629 0.265322 0.061288 0.038790 
40.500000 0.535299 0.097750 0.269201 0.058185 0.039566 
41.000000 0.532971 0.103181 0.268425 0.055081 0.040341 
41.500000 0.530644 0.101629 0.268425 0.058185 0.041117 
42.000000 0.535299 0.100078 0.272304 0.049651 0.042669 
42.500000 0.529868 0.105508 0.270753 0.051202 0.042669 
43.000000 0.536850 0.100853 0.267649 0.049651 0.044996 
43.500000 0.528317 0.110163 0.268425 0.046548 0.046548 
44.000000 0.541505 0.097750 0.267649 0.044996 0.048099 
44.500000 0.544608 0.093095 0.266098 0.047324 0.048875 
45.000000 0.550039 0.088441 0.262995 0.048875 0.049651 
45.500000 0.555469 0.086889 0.259116 0.048875 0.049651 
46.000000 0.548487 0.092320 0.263770 0.045772 0.049651 
46.500000 0.558573 0.083786 0.262995 0.044996 0.049651 
47.000000 0.552366 0.089992 0.261443 0.046548 0.049651 
47.500000 0.557021 0.085337 0.260667 0.047324 0.049651 
48.000000 0.559348 0.083010 0.259116 0.047324 0.051202 
48.500000 0.558573 0.083786 0.261443 0.044220 0.051978 
49.000000 0.558573 0.085337 0.260667 0.043445 0.051978 
49.500000 0.558573 0.086113 0.261443 0.040341 0.053530 
50.000000 0.558573 0.087665 0.259891 0.039566 0.054306 
50.500000 0.567882 0.077580 0.259116 0.041117 0.054306 
51.000000 0.565555 0.081458 0.260667 0.034911 0.057409 
51.500000 0.564779 0.082234 0.261443 0.035687 0.055857 
52.000000 0.556245 0.089992 0.263770 0.031808 0.058185 
52.500000 0.567882 0.079907 0.259891 0.034135 0.058185 
53.000000 0.574088 0.074476 0.260667 0.032583 0.058185 
53.500000 0.567882 0.081458 0.255237 0.035687 0.059736 
54.000000 0.574864 0.075252 0.256012 0.034135 0.059736 
54.500000 0.578743 0.073701 0.254461 0.031808 0.061288 
55.000000 0.566330 0.083786 0.259891 0.029480 0.060512 
55.500000 0.569434 0.081458 0.259116 0.029480 0.060512 
56.000000 0.574088 0.078355 0.261443 0.025601 0.060512 
56.500000 0.583398 0.068270 0.262995 0.024825 0.060512 
57.000000 0.585725 0.065167 0.262995 0.025601 0.060512 
57.500000 0.581071 0.069822 0.263770 0.024825 0.060512 
58.000000 0.574864 0.077580 0.262219 0.024050 0.061288 
58.500000 0.581071 0.072149 0.259116 0.024825 0.062839 
59.000000 0.581846 0.070597 0.259891 0.024825 0.062839 
59.500000 0.575640 0.076804 0.259891 0.024825 0.062839 
60.000000 0.579519 0.073701 0.258340 0.024050 0.064391 
60.500000 0.584950 0.068270 0.260667 0.022498 0.063615 
61.000000 0.579519 0.072925 0.263770 0.020946 0.062839 
61.500000 0.584174 0.069046 0.260667 0.023274 0.062839 
62.000000 0.577967 0.076804 0.259116 0.022498 0.063615 
62.500000 0.575640 0.077580 0.262219 0.021722 0.062839 
63.000000 0.569434 0.084562 0.257564 0.024825 0.063615 
63.500000 0.577192 0.076804 0.256788 0.024825 0.064391 
64.000000 0.582622 0.071373 0.260667 0.020946 0.064391 
64.500000 0.580295 0.073701 0.259116 0.022498 0.064391 
65.000000 0.585725 0.069822 0.257564 0.022498 0.064391 
65.500000 0.590380 0.065167 0.256012 0.022498 0.065943 
66.000000 0.593483 0.062064 0.256788 0.022498 0.065167 
66.500000 0.594259 0.060512 0.255237 0.024825 0.065167 
67.000000 0.594259 0.060512 0.253685 0.025601 0.065943 
67.500000 0.587277 0.066718 0.252909 0.026377 0.066718 
68.000000 0.594259 0.059736 0.253685 0.025601 0.066718 
68.500000 0.592708 0.062064 0.251358 0.027153 0.066718 
69.000000 0.591156 0.063615 0.254461 0.024050 0.066718 
69.500000 0.598914 0.055857 0.251358 0.025601 0.068270 
70.000000 0.593483 0.061288 0.247479 0.027153 0.070597 
70.500000 0.605896 0.049651 0.248254 0.025601 0.070597 
71.000000 0.592708 0.062839 0.249030 0.024825 0.070597 
71.500000 0.593483 0.061288 0.250582 0.024050 0.070597 
72.000000 0.597362 0.058185 0.254461 0.019395 0.070597 
72.500000 0.597362 0.058960 0.249030 0.024050 0.070597 
73.000000 0.598138 0.061288 0.250582 0.019395 0.070597 
73.500000 0.594259 0.063615 0.250582 0.020946 0.070597 
74.000000 0.593483 0.065943 0.249806 0.020946 0.069822 
74.500000 0.591932 0.068270 0.245927 0.022498 0.071373 
75.000000 0.603569 0.058960 0.239721 0.027153 0.070597 
75.500000 0.612102 0.051202 0.240497 0.025601 0.070597 
76.000000 0.598914 0.062064 0.244375 0.024050 0.070597 
76.500000 0.595811 0.064391 0.245927 0.023274 0.070597 
77.000000 0.599690 0.060512 0.242048 0.026377 0.071373 
77.500000 0.597362 0.063615 0.243600 0.023274 0.072149 
78.000000 0.602017 0.061288 0.239721 0.024825 0.072149 
78.500000 0.597362 0.065167 0.241272 0.024050 0.072149 
79.000000 0.598138 0.064391 0.239721 0.025601 0.072149 
79.500000 0.595811 0.065943 0.243600 0.022498 0.072149 
80.000000 0.598914 0.062839 0.243600 0.022498 0.072149 
80.500000 0.595811 0.067494 0.243600 0.020946 0.072149 
81.000000 0.590380 0.072925 0.243600 0.020946 0.072149 
81.500000 0.594259 0.068270 0.242824 0.022498 0.072149 
82.000000 0.594259 0.069822 0.239721 0.024825 0.071373 
82.500000 0.593483 0.070597 0.243600 0.020171 0.072149 
83.000000 0.594259 0.069822 0.242048 0.021722 0.072149 
83.500000 0.597362 0.065943 0.242048 0.022498 0.072149 
84.000000 0.596587 0.066718 0.245927 0.018619 0.072149 
84.500000 0.595035 0.069046 0.242824 0.020946 0.072149 
85.000000 0.594259 0.069046 0.242048 0.022498 0.072149 
85.500000 0.591932 0.071373 0.238169 0.025601 0.072925 
86.000000 0.599690 0.064391 0.235066 0.028704 0.072149 
86.500000 0.601241 0.061288 0.235842 0.029480 0.072149 
87.000000 0.597362 0.066718 0.229635 0.034135 0.072149 
87.500000 0.599690 0.063615 0.231963 0.031808 0.072925 
88.000000 0.604344 0.059736 0.228860 0.033359 0.073701 
88.500000 0.590380 0.072925 0.232739 0.030256 0.073701 
89.000000 0.604344 0.058960 0.228084 0.033359 0.075252 
89.500000 0.595035 0.068270 0.224205 0.037238 0.075252 
90.000000 0.598138 0.064391 0.231187 0.031032 0.075252 
90.500000 0.591932 0.071373 0.228860 0.033359 0.074476 
91.000000 0.590380 0.072149 0.224981 0.037238 0.075252 
91.500000 0.584174 0.077580 0.222653 0.039566 0.076028 
92.000000 0.587277 0.074476 0.220326 0.041893 0.076028 
92.500000 0.583398 0.078355 0.221102 0.041117 0.076028 
93.000000 0.590380 0.071373 0.224205 0.038014 0.076028 
93.500000 0.587277 0.073701 0.217998 0.044996 0.076028 
94.000000 0.579519 0.081458 0.216447 0.046548 0.076028 
94.500000 0.585725 0.076028 0.214895 0.047324 0.076028 
95.000000 0.575640 0.086113 0.212568 0.049651 0.076028 
95.500000 0.576416 0.085337 0.207137 0.055081 0.076028 
96.000000 0.574088 0.087665 0.208689 0.053530 0.076028 
96.500000 0.569434 0.091544 0.204034 0.058960 0.076028 
97.000000 0.584174 0.076804 0.203258 0.058960 0.076804 
97.500000 0.577967 0.083786 0.207913 0.053530 0.076804 
98.000000 0.574864 0.086113 0.203258 0.058960 0.076804 
98.500000 0.574088 0.086113 0.206362 0.056633 0.076804 
99.000000 0.577192 0.081458 0.210240 0.054306 0.076804 
99.500000 0.566330 0.092320 0.205586 0.058960 0.076804 
100.000000 0.572537 0.086889 0.202483 0.060512 0.077580 
100.500000 0.570985 0.087665 0.204810 0.058960 0.077580 
101.000000 0.553918 0.103181 0.197828 0.067494 0.077580 
101.500000 0.567882 0.089216 0.190070 0.075252 0.077580 
102.000000 0.560900 0.096199 0.183088 0.082234 0.077580 
102.500000 0.548487 0.108611 0.184639 0.079907 0.078355 
103.000000 0.565555 0.089992 0.182312 0.083786 0.078355 
103.500000 0.560124 0.093871 0.173002 0.094647 0.078355 
104.000000 0.549263 0.103957 0.172227 0.096199 0.078355 
104.500000 0.553918 0.097750 0.177657 0.092320 0.078355 
105.000000 0.557797 0.093871 0.179209 0.090768 0.078355 
105.500000 0.545384 0.104732 0.170675 0.100853 0.078355 
106.000000 0.549263 0.100078 0.173002 0.099302 0.078355 
106.500000 0.536074 0.110163 0.172227 0.103181 0.078355 
107.000000 0.527541 0.119472 0.164469 0.110939 0.077580 
107.500000 0.530644 0.114042 0.166796 0.110939 0.077580 
108.000000 0.515128 0.130334 0.166020 0.109387 0.079131 
108.500000 0.522110 0.123351 0.159814 0.116369 0.078355 
109.000000 0.517455 0.128006 0.162917 0.114042 0.077580 
109.500000 0.519007 0.125679 0.153607 0.124127 0.077580 
110.000000 0.506594 0.131885 0.158262 0.124903 0.078355 
110.500000 0.501164 0.138867 0.146625 0.134988 0.078355 
111.000000 0.493406 0.145074 0.149728 0.133437 0.078355 
111.500000 0.490303 0.146625 0.145849 0.138867 0.078355 
112.000000 0.487199 0.147401 0.141971 0.144298 0.079131 
112.500000 0.494957 0.136540 0.144298 0.145849 0.078355 
113.000000 0.488751 0.141195 0.148177 0.142746 0.079131 
113.500000 0.483320 0.148177 0.146625 0.143522 0.078355 
114.000000 0.480217 0.146625 0.155159 0.138867 0.079131 
114.500000 0.468580 0.155935 0.150504 0.145849 0.079131 
115.000000 0.468580 0.158262 0.150504 0.144298 0.078355 
115.500000 0.463926 0.159038 0.153607 0.145074 0.078355 
116.000000 0.455392 0.166020 0.158262 0.142746 0.077580 
116.500000 0.446858 0.172227 0.151280 0.152056 0.077580 
117.000000 0.442979 0.174554 0.153607 0.152056 0.076804 
117.500000 0.449185 0.169123 0.153607 0.151280 0.076804 
118.000000 0.444531 0.173778 0.159814 0.145074 0.076804 
118.500000 0.446082 0.174554 0.159038 0.143522 0.076804 
119.000000 0.444531 0.175330 0.167572 0.135764 0.076804 
119.500000 0.435997 0.186191 0.163693 0.137316 0.076804 
120.000000 0.446858 0.174554 0.161365 0.139643 0.077580 
120.500000 0.445306 0.181536 0.167572 0.128006 0.077580 
121.000000 0.439876 0.187742 0.162917 0.131109 0.078355 
121.500000 0.446082 0.179984 0.170675 0.125679 0.077580 
122.000000 0.446082 0.183088 0.169899 0.123351 0.077580 
122.500000 0.446858 0.183863 0.171451 0.118697 0.079131 
123.000000 0.435221 0.193173 0.174554 0.118697 0.078355 
123.500000 0.447634 0.179984 0.175330 0.117145 0.079907 
124.000000 0.456943 0.173002 0.181536 0.108611 0.079907 
124.500000 0.458495 0.173002 0.176106 0.112490 0.079907 
125.000000 0.458495 0.170675 0.182312 0.107836 0.080683 
125.500000 0.462374 0.166020 0.183863 0.105508 0.082234 
126.000000 0.469356 0.161365 0.183088 0.102405 0.083786 
126.500000 0.477114 0.152832 0.181536 0.105508 0.083010 
127.000000 0.477114 0.154383 0.183863 0.101629 0.083010 
127.500000 0.476338 0.155935 0.186191 0.098526 0.083010 
128.000000 0.482545 0.148953 0.190070 0.092320 0.086113 
128.500000 0.484872 0.148953 0.190846 0.089216 0.086113 
129.000000 0.491078 0.140419 0.196276 0.086113 0.086113 
129.500000 0.499612 0.130334 0.196276 0.086889 0.086889 
130.000000 0.493406 0.138867 0.199379 0.082234 0.086113 
130.500000 0.487199 0.146625 0.200931 0.078355 0.086889 
131.000000 0.490303 0.146625 0.197828 0.077580 0.087665 
131.500000 0.497285 0.138867 0.199379 0.076028 0.088441 
132.000000 0.494182 0.142746 0.199379 0.073701 0.089992 
132.500000 0.500388 0.137316 0.205586 0.067494 0.089216 
133.000000 0.503491 0.133437 0.200155 0.072149 0.090768 
133.500000 0.504267 0.134988 0.197828 0.072149 0.090768 
134.000000 0.511249 0.130334 0.197828 0.069822 0.090768 
134.500000 0.510473 0.130334 0.195500 0.072149 0.091544 
135.000000 0.508922 0.133437 0.203258 0.062839 0.091544 
135.500000 0.516680 0.127230 0.206362 0.058185 0.091544 
136.000000 0.508922 0.134988 0.200931 0.061288 0.093871 
136.500000 0.519783 0.127230 0.204034 0.055857 0.093095 
137.000000 0.522110 0.123351 0.205586 0.054306 0.094647 
137.500000 0.520559 0.125679 0.204810 0.054306 0.094647 
138.000000 0.522886 0.123351 0.199379 0.058960 0.095423 
138.500000 0.537626 0.110163 0.205586 0.051202 0.095423 
139.000000 0.541505 0.107836 0.197052 0.057409 0.096199 
139.500000 0.539953 0.110163 0.197052 0.055857 0.096974 
140.000000 0.543832 0.110163 0.197828 0.051202 0.096974 
140.500000 0.550815 0.101629 0.198604 0.051978 0.096974 
141.000000 0.539953 0.112490 0.197828 0.051202 0.098526 
141.500000 0.543057 0.108611 0.202483 0.046548 0.099302 
142.000000 0.544608 0.108611 0.201707 0.044996 0.100078 
142.500000 0.550039 0.104732 0.197052 0.044220 0.103957 
143.000000 0.549263 0.107060 0.198604 0.041117 0.103957 
143.500000 0.559348 0.100078 0.197828 0.038014 0.104732 
144.000000 0.560900 0.098526 0.198604 0.035687 0.106284 
144.500000 0.561676 0.098526 0.194725 0.038014 0.107060 
145.000000 0.556245 0.104732 0.196276 0.036462 0.106284 
145.500000 0.556245 0.104732 0.196276 0.037238 0.105508 
146.000000 0.563227 0.098526 0.196276 0.036462 0.105508 
146.500000 0.565555 0.096199 0.197052 0.034911 0.106284 
147.000000 0.568658 0.095423 0.197828 0.032583 0.105508 
147.500000 0.569434 0.094647 0.194725 0.035687 0.105508 
148.000000 0.562452 0.101629 0.197828 0.031808 0.106284 
148.500000 0.569434 0.094647 0.195500 0.033359 0.107060 
149.000000 0.570209 0.093871 0.195500 0.033359 0.107060 
149.500000 0.567882 0.096974 0.193173 0.034911 0.107060 
150.000000 0.569434 0.095423 0.195500 0.031808 0.107836 
150.500000 0.572537 0.093095 0.196276 0.030256 0.107836 
151.000000 0.574864 0.091544 0.193173 0.031032 0.109387 
151.500000 0.572537 0.092320 0.193173 0.032583 0.109387 
152.000000 0.580295 0.086113 0.193949 0.030256 0.109387 
152.500000 0.573313 0.094647 0.193173 0.029480 0.109387 
153.000000 0.580295 0.087665 0.193173 0.027929 0.110939 
153.500000 0.586501 0.080683 0.193949 0.029480 0.109387 
154.000000 0.577967 0.089216 0.193173 0.029480 0.110163 
154.500000 0.581071 0.086113 0.193173 0.028704 0.110939 
155.000000 0.583398 0.086113 0.195500 0.024050 0.110939 
155.500000 0.581071 0.088441 0.195500 0.024050 0.110939 
156.000000 0.584950 0.085337 0.193173 0.025601 0.110939 
156.500000 0.583398 0.085337 0.193173 0.027153 0.110939 
157.000000 0.585725 0.082234 0.196276 0.024825 0.110939 
157.500000 0.594259 0.075252 0.194725 0.024825 0.110939 
158.000000 0.582622 0.086113 0.198604 0.021722 0.110939 
158.500000 0.597362 0.072925 0.195500 0.022498 0.111715 
159.000000 0.603569 0.066718 0.195500 0.023274 0.110939 
159.500000 0.598138 0.072149 0.196276 0.021722 0.111715 
160.000000 0.596587 0.074476 0.196276 0.020946 0.111715 
160.500000 0.593483 0.076804 0.198604 0.018619 0.112490 
161.000000 0.590380 0.080683 0.197052 0.020171 0.111715 
161.500000 0.596587 0.072925 0.198604 0.020171 0.111715 
162.000000 0.600465 0.070597 0.198604 0.017843 0.112490 
162.500000 0.597362 0.076028 0.197052 0.016292 0.113266 
163.000000 0.596587 0.076804 0.195500 0.017067 0.114042 
163.500000 0.600465 0.072925 0.196276 0.015516 0.114818 
164.000000 0.602017 0.071373 0.192397 0.020171 0.114042 
164.500000 0.598914 0.074476 0.193173 0.018619 0.114818 
165.000000 0.602017 0.071373 0.195500 0.016292 0.114818 
165.500000 0.599690 0.073701 0.194725 0.016292 0.115593 
166.000000 0.602793 0.069822 0.195500 0.016292 0.115593 
166.500000 0.607448 0.065943 0.195500 0.014740 0.116369 
167.000000 0.603569 0.069822 0.194725 0.015516 0.116369 
167.500000 0.603569 0.069822 0.193173 0.017067 0.116369 
168.000000 0.602017 0.070597 0.195500 0.015516 0.116369 
168.500000 0.605120 0.067494 0.193949 0.017067 0.116369 
169.000000 0.605120 0.068270 0.190846 0.018619 0.117145 
169.500000 0.615206 0.060512 0.186191 0.019395 0.118697 
170.000000 0.607448 0.066718 0.189294 0.018619 0.117921 
170.500000 0.615981 0.059736 0.187742 0.018619 0.117921 
171.000000 0.609775 0.064391 0.187742 0.020171 0.117921 
171.500000 0.599690 0.075252 0.189294 0.017067 0.118697 
172.000000 0.598914 0.076804 0.186967 0.018619 0.118697 
172.500000 0.599690 0.074476 0.187742 0.019395 0.118697 
173.000000 0.602793 0.072149 0.188518 0.017067 0.119472 
173.500000 0.605120 0.070597 0.186191 0.018619 0.119472 
174.000000 0.595811 0.079907 0.184639 0.020171 0.119472 
174.500000 0.602017 0.072925 0.183863 0.020171 0.121024 
175.000000 0.596587 0.076804 0.186967 0.019395 0.120248 
175.500000 0.590380 0.083010 0.189294 0.017843 0.119472 
176.000000 0.597362 0.076804 0.185415 0.020171 0.120248 
176.500000 0.609775 0.064391 0.185415 0.020946 0.119472 
177.000000 0.603569 0.070597 0.184639 0.020171 0.121024 
177.500000 0.595035 0.079131 0.182312 0.021722 0.121800 
178.000000 0.594259 0.079131 0.183088 0.021722 0.121800 
178.500000 0.592708 0.080683 0.179209 0.024825 0.122576 
179.000000 0.596587 0.077580 0.180760 0.022498 0.122576 
179.500000 0.602017 0.071373 0.178433 0.025601 0.122576 
180.000000 0.601241 0.072149 0.176881 0.027153 0.122576 
180.500000 0.602793 0.071373 0.178433 0.024825 0.122576 
181.000000 0.592708 0.080683 0.176106 0.027153 0.123351 
181.500000 0.592708 0.080683 0.174554 0.027929 0.124127 
182.000000 0.602017 0.071373 0.176106 0.026377 0.124127 
182.500000 0.588053 0.085337 0.175330 0.027153 0.124127 
183.000000 0.588053 0.085337 0.177657 0.024825 0.124127 
183.500000 0.595811 0.079131 0.169899 0.032583 0.122576 
184.000000 0.594259 0.080683 0.173002 0.028704 0.123351 
184.500000 0.598914 0.076028 0.176881 0.025601 0.122576 
185.000000 0.597362 0.079131 0.173002 0.027929 0.122576 
185.500000 0.597362 0.079907 0.169123 0.031032 0.122576 
186.000000 0.595811 0.080683 0.172227 0.028704 0.122576 
186.500000 0.604344 0.072149 0.171451 0.029480 0.122576 
187.000000 0.600465 0.076028 0.171451 0.029480 0.122576 
187.500000 0.598138 0.079907 0.169123 0.030256 0.122576 
188.000000 0.597362 0.080683 0.167572 0.031808 0.122576 
188.500000 0.589604 0.089216 0.167572 0.031032 0.122576 
189.000000 0.591156 0.086113 0.168348 0.032583 0.121800 
189.500000 0.594259 0.083010 0.170675 0.030256 0.121800 
190.000000 0.589604 0.086889 0.172227 0.030256 0.121024 
190.500000 0.594259 0.083786 0.169123 0.030256 0.122576 
191.000000 0.602017 0.076028 0.167572 0.031808 0.122576 
191.500000 0.595811 0.083010 0.166020 0.033359 0.121800 
192.000000 0.592708 0.086113 0.170675 0.028704 0.121800 
192.500000 0.594259 0.083786 0.170675 0.028704 0.122576 
193.000000 0.591156 0.086889 0.170675 0.028704 0.122576 
193.500000 0.598914 0.079131 0.167572 0.031808 0.122576 
194.000000 0.602793 0.076028 0.166020 0.032583 0.122576 
194.500000 0.606672 0.072149 0.164469 0.034135 0.122576 
195.000000 0.605896 0.072925 0.166796 0.031032 0.123351 
195.500000 0.605896 0.072149 0.164469 0.034135 0.123351 
196.000000 0.603569 0.075252 0.161365 0.036462 0.123351 
196.500000 0.598914 0.079131 0.159038 0.039566 0.123351 
197.000000 0.598914 0.079907 0.158262 0.039566 0.123351 
197.500000 0.591932 0.087665 0.159814 0.037238 0.123351 
198.000000 0.602793 0.076028 0.157486 0.040341 0.123351 
198.500000 0.598138 0.079907 0.155935 0.043445 0.122576 
199.000000 0.596587 0.081458 0.157486 0.041893 0.122576 
199.500000 0.593483 0.083786 0.155935 0.044220 0.122576 
200.000000 0.595035 0.080683 0.156711 0.044996 0.122576 
200.500000 0.583398 0.091544 0.153607 0.048875 0.122576 
201.000000 0.581846 0.091544 0.152832 0.051202 0.122576 
201.500000 0.587277 0.086889 0.153607 0.050427 0.121800 
202.000000 0.591156 0.081458 0.149728 0.055857 0.121800 
202.500000 0.591932 0.082234 0.143522 0.060512 0.121800 
203.000000 0.569434 0.102405 0.144298 0.062064 0.121800 
203.500000 0.577192 0.093871 0.141971 0.065943 0.121024 
204.000000 0.571761 0.098526 0.140419 0.068270 0.121024 
204.500000 0.555469 0.113266 0.145074 0.065167 0.121024 
205.000000 0.567106 0.102405 0.138092 0.072149 0.120248 
205.500000 0.563227 0.104732 0.133437 0.078355 0.120248 
206.000000 0.553142 0.114042 0.133437 0.080683 0.118697 
206.500000 0.546936 0.118697 0.140419 0.076028 0.117921 
207.000000 0.535299 0.128006 0.132661 0.085337 0.118697 
207.500000 0.549263 0.110939 0.134988 0.086113 0.118697 
208.000000 0.537626 0.123351 0.125679 0.094647 0.118697 
208.500000 0.533747 0.126455 0.124903 0.096974 0.117921 
209.000000 0.522886 0.134988 0.125679 0.098526 0.117921 
209.500000 0.517455 0.140419 0.126455 0.097750 0.117921 
210.000000 0.501939 0.153607 0.117921 0.108611 0.117921 
210.500000 0.503491 0.152056 0.118697 0.107060 0.118697 
211.000000 0.499612 0.153607 0.119472 0.108611 0.118697 
211.500000 0.504267 0.147401 0.114818 0.114818 0.118697 
212.000000 0.495733 0.150504 0.118697 0.116369 0.118697 
212.500000 0.487975 0.156711 0.114818 0.121800 0.118697 
213.000000 0.487199 0.156711 0.114042 0.124903 0.117145 
213.500000 0.480217 0.166020 0.114042 0.123351 0.116369 
214.000000 0.463926 0.177657 0.122576 0.119472 0.116369 
214.500000 0.470132 0.171451 0.118697 0.122576 0.117145 
215.000000 0.467029 0.173002 0.119472 0.124127 0.116369 
215.500000 0.463926 0.174554 0.125679 0.120248 0.115593 
216.000000 0.468580 0.170675 0.128782 0.115593 0.116369 
216.500000 0.458495 0.175330 0.122576 0.128006 0.115593 
217.000000 0.458495 0.179984 0.120248 0.125679 0.115593 
217.500000 0.439876 0.197052 0.118697 0.128782 0.115593 
218.000000 0.444531 0.189294 0.124903 0.124903 0.116369 
218.500000 0.444531 0.188518 0.134988 0.115593 0.116369 
219.000000 0.437548 0.197828 0.134988 0.113266 0.116369 
219.500000 0.441427 0.190846 0.137316 0.113266 0.117145 
220.000000 0.449185 0.181536 0.135764 0.114818 0.118697 
220.500000 0.439100 0.193173 0.137316 0.112490 0.117921 
221.000000 0.445306 0.183088 0.132661 0.118697 0.120248 
221.500000 0.454616 0.174554 0.137316 0.113266 0.120248 
222.000000 0.444531 0.184639 0.138092 0.111715 0.121024 
222.500000 0.446858 0.184639 0.140419 0.107060 0.121024 
223.000000 0.457719 0.172227 0.148177 0.100853 0.121024 
223.500000 0.449961 0.179984 0.143522 0.106284 0.120248 
224.000000 0.443755 0.184639 0.148953 0.102405 0.120248 
224.500000 0.442203 0.185415 0.155935 0.096199 0.120248 
225.000000 0.450737 0.176106 0.156711 0.096199 0.120248 
225.500000 0.453840 0.173002 0.156711 0.096199 0.120248 
226.000000 0.463926 0.164469 0.158262 0.093095 0.120248 
226.500000 0.460822 0.167572 0.164469 0.086889 0.120248 
227.000000 0.459271 0.167572 0.166020 0.087665 0.119472 
227.500000 0.454616 0.174554 0.165244 0.086113 0.119472 
228.000000 0.458495 0.173002 0.166020 0.083786 0.118697 
228.500000 0.467804 0.164469 0.162141 0.084562 0.121024 
229.000000 0.470132 0.165244 0.163693 0.079131 0.121800 
229.500000 0.468580 0.167572 0.166796 0.076804 0.120248 
230.000000 0.473235 0.164469 0.167572 0.072925 0.121800 
230.500000 0.476338 0.159814 0.173002 0.069046 0.121800 
231.000000 0.470132 0.166796 0.169899 0.070597 0.122576 
231.500000 0.466253 0.169899 0.173002 0.067494 0.123351 
232.000000 0.472459 0.162917 0.170675 0.070597 0.123351 
232.500000 0.474787 0.161365 0.170675 0.069046 0.124127 
233.000000 0.475562 0.162917 0.171451 0.063615 0.126455 
233.500000 0.477890 0.161365 0.169123 0.065167 0.126455 
234.000000 0.498836 0.141971 0.170675 0.062839 0.125679 
234.500000 0.505043 0.135764 0.169123 0.064391 0.125679 
235.000000 0.506594 0.136540 0.162141 0.067494 0.127230 
235.500000 0.513576 0.128782 0.164469 0.066718 0.126455 
236.000000 0.513576 0.129558 0.169123 0.060512 0.127230 
236.500000 0.507370 0.136540 0.168348 0.059736 0.128006 
237.000000 0.505043 0.140419 0.167572 0.058960 0.128006 
237.500000 0.518231 0.125679 0.169123 0.058960 0.128006 
238.000000 0.516680 0.127230 0.169899 0.057409 0.128782 
238.500000 0.517455 0.127230 0.170675 0.054306 0.130334 
239.000000 0.522110 0.123351 0.170675 0.053530 0.130334 
239.500000 0.526765 0.120248 0.168348 0.055857 0.128782 
240.000000 0.531420 0.117921 0.170675 0.051202 0.128782 
240.500000 0.532196 0.117145 0.171451 0.048875 0.130334 
241.000000 0.534523 0.114818 0.171451 0.047324 0.131885 
241.500000 0.543832 0.104732 0.170675 0.048099 0.132661 
242.000000 0.542281 0.107060 0.173002 0.044996 0.132661 
242.500000 0.551590 0.098526 0.170675 0.044996 0.134213 
243.000000 0.542281 0.110163 0.170675 0.043445 0.133437 
243.500000 0.545384 0.106284 0.168348 0.044220 0.135764 
244.000000 0.538402 0.110939 0.166796 0.048099 0.135764 
244.500000 0.549263 0.102405 0.165244 0.044996 0.138092 
245.000000 0.552366 0.100078 0.167572 0.041893 0.138092 
245.500000 0.557797 0.093871 0.168348 0.041117 0.138867 
246.000000 0.557797 0.095423 0.167572 0.040341 0.138867 
246.500000 0.553142 0.099302 0.166796 0.041893 0.138867 
247.000000 0.560124 0.094647 0.171451 0.034911 0.138867 
247.500000 0.561676 0.093871 0.173778 0.031808 0.138867 
248.000000 0.564779 0.091544 0.173002 0.031808 0.138867 
248.500000 0.568658 0.088441 0.170675 0.034135 0.138092 
249.000000 0.564003 0.091544 0.173002 0.033359 0.138092 
249.500000 0.570985 0.086113 0.172227 0.031808 0.138867 
250.000000 0.569434 0.087665 0.172227 0.031808 0.138867 
250.500000 0.568658 0.086889 0.173778 0.031032 0.139643 
251.000000 0.567882 0.088441 0.171451 0.031808 0.140419 
251.500000 0.573313 0.083010 0.173778 0.030256 0.139643 
252.000000 0.569434 0.088441 0.170675 0.031808 0.139643 
252.500000 0.564779 0.093095 0.169899 0.032583 0.139643 
253.000000 0.574864 0.085337 0.169899 0.030256 0.139643 
253.500000 0.566330 0.092320 0.169899 0.031032 0.140419 
254.000000 0.573313 0.086889 0.166796 0.031032 0.141971 
254.500000 0.578743 0.082234 0.165244 0.031808 0.141971 
255.000000 0.579519 0.080683 0.161365 0.036462 0.141971 
255.500000 0.588829 0.073701 0.158262 0.035687 0.143522 
256.000000 0.586501 0.076028 0.159038 0.034135 0.144298 
256.500000 0.584174 0.079907 0.156711 0.034135 0.145074 
257.000000 0.588053 0.074476 0.164469 0.028704 0.144298 
257.500000 0.589604 0.072925 0.162141 0.029480 0.145849 
258.000000 0.583398 0.079131 0.162917 0.028704 0.145849 
258.500000 0.591932 0.072925 0.163693 0.026377 0.145074 
259.000000 0.584950 0.079131 0.161365 0.027929 0.146625 
259.500000 0.585725 0.079907 0.159814 0.027929 0.146625 
260.000000 0.583398 0.082234 0.160590 0.026377 0.147401 
260.500000 0.589604 0.076028 0.159038 0.027929 0.147401 
261.000000 0.589604 0.076028 0.159038 0.026377 0.148953 
261.500000 0.585725 0.079131 0.161365 0.024825 0.148953 
262.000000 0.577192 0.086889 0.162917 0.024050 0.148953 
262.500000 0.576416 0.087665 0.160590 0.026377 0.148953 
263.000000 0.576416 0.088441 0.159038 0.027153 0.148953 
263.500000 0.578743 0.085337 0.160590 0.027153 0.148177 
264.000000 0.575640 0.088441 0.159038 0.027929 0.148953 
264.500000 0.582622 0.083010 0.159038 0.026377 0.148953 
265.000000 0.588053 0.079907 0.155935 0.027153 0.148953 
265.500000 0.589604 0.076804 0.157486 0.027153 0.148953 
266.000000 0.594259 0.071373 0.157486 0.027929 0.148953 
266.500000 0.593483 0.074476 0.157486 0.024825 0.149728 
267.000000 0.589604 0.079131 0.157486 0.024050 0.149728 
267.500000 0.593483 0.075252 0.155935 0.024825 0.150504 
268.000000 0.592708 0.076028 0.157486 0.023274 0.150504 
268.500000 0.589604 0.078355 0.156711 0.024825 0.150504 
269.000000 0.584950 0.084562 0.155935 0.023274 0.151280 
269.500000 0.599690 0.072149 0.155935 0.020946 0.151280 
270.000000 0.588053 0.081458 0.158262 0.020171 0.152056 
270.500000 0.588053 0.082234 0.155935 0.021722 0.152056 
271.000000 0.597362 0.072149 0.154383 0.024050 0.152056 
271.500000 0.600465 0.069046 0.153607 0.024825 0.152056 
272.000000 0.602017 0.069822 0.152056 0.023274 0.152832 
272.500000 0.605120 0.065167 0.152832 0.024825 0.152056 
273.000000 0.598138 0.072149 0.153607 0.024825 0.151280 
273.500000 0.597362 0.073701 0.152832 0.024050 0.152056 
274.000000 0.598914 0.072149 0.150504 0.026377 0.152056 
274.500000 0.602793 0.069046 0.152056 0.024050 0.152056 
275.000000 0.593483 0.079131 0.148953 0.026377 0.152056 
275.500000 0.603569 0.068270 0.149728 0.025601 0.152832 
276.000000 0.603569 0.068270 0.152832 0.023274 0.152056 
276.500000 0.600465 0.072925 0.147401 0.026377 0.152832 
277.000000 0.609775 0.062839 0.145849 0.027929 0.153607 
277.500000 0.608999 0.065943 0.148177 0.024050 0.152832 
278.000000 0.610551 0.065943 0.142746 0.026377 0.154383 
278.500000 0.612878 0.063615 0.140419 0.028704 0.154383 
279.000000 0.617533 0.058960 0.145074 0.023274 0.155159 
279.500000 0.604344 0.070597 0.147401 0.023274 0.154383 
280.000000 0.609775 0.065167 0.147401 0.023274 0.154383 
280.500000 0.605120 0.069822 0.147401 0.023274 0.154383 
281.000000 0.608999 0.066718 0.147401 0.022498 0.154383 
281.500000 0.608223 0.067494 0.148953 0.020946 0.154383 
282.000000 0.608999 0.065943 0.147401 0.021722 0.155935 
282.500000 0.605896 0.069046 0.148177 0.020946 0.155935 
283.000000 0.611327 0.065167 0.145074 0.022498 0.155935 
283.500000 0.610551 0.065943 0.145074 0.022498 0.155935 
284.000000 0.615206 0.061288 0.145074 0.022498 0.155935 
284.500000 0.615206 0.061288 0.141195 0.025601 0.156711 
285.000000 0.619860 0.057409 0.143522 0.023274 0.155935 
285.500000 0.613654 0.062839 0.147401 0.020171 0.155935 
286.000000 0.614430 0.062064 0.147401 0.020946 0.155159 
286.500000 0.605896 0.070597 0.144298 0.024050 0.155159 
287.000000 0.607448 0.069046 0.144298 0.024050 0.155159 
287.500000 0.606672 0.069822 0.141195 0.027153 0.155159 
288.000000 0.616757 0.059736 0.140419 0.027929 0.155159 
288.500000 0.613654 0.062064 0.145074 0.024050 0.155159 
289.000000 0.619860 0.056633 0.139643 0.028704 0.155159 
289.500000 0.619085 0.057409 0.143522 0.024050 0.155935 
290.000000 0.617533 0.058960 0.141971 0.025601 0.155935 
290.500000 0.608999 0.067494 0.138867 0.027929 0.156711 
291.000000 0.608999 0.067494 0.141195 0.027153 0.155159 
291.500000 0.609775 0.065943 0.137316 0.031032 0.155935 
292.000000 0.608999 0.066718 0.143522 0.024825 0.155935 
292.500000 0.609775 0.065167 0.141971 0.026377 0.156711 
293.000000 0.612102 0.062839 0.145074 0.024050 0.155935 
293.500000 0.602793 0.072149 0.142746 0.026377 0.155935 
294.000000 0.605120 0.069822 0.141195 0.027929 0.155935 
294.500000 0.605896 0.069822 0.138092 0.030256 0.155935 
295.000000 0.600465 0.075252 0.139643 0.028704 0.155935 
295.500000 0.595035 0.079907 0.143522 0.026377 0.155159 
296.000000 0.602793 0.070597 0.144298 0.026377 0.155935 
296.500000 0.605896 0.068270 0.141971 0.029480 0.154383 
297.000000 0.600465 0.073701 0.135764 0.034911 0.155159 
297.500000 0.595811 0.079131 0.135764 0.034911 0.154383 
298.000000 0.591932 0.083010 0.130334 0.040341 0.154383 
298.500000 0.603569 0.072149 0.132661 0.036462 0.155159 
299.000000 0.601241 0.073701 0.134213 0.035687 0.155159 
299.500000 0.601241 0.074476 0.131109 0.038790 0.154383 
300.000000 0.602017 0.073701 0.128006 0.041117 0.155159 
300.500000 0.590380 0.084562 0.126455 0.044220 0.154383 
301.000000 0.589604 0.084562 0.121800 0.049651 0.154383 
301.500000 0.588829 0.086113 0.119472 0.051202 0.154383 
302.000000 0.592708 0.082234 0.117145 0.053530 0.154383 
302.500000 0.577192 0.096199 0.121800 0.051978 0.152832 
303.000000 0.582622 0.093095 0.110939 0.060512 0.152832 
303.500000 0.571761 0.101629 0.110939 0.062064 0.153607 
304.000000 0.563227 0.107836 0.113266 0.062839 0.152832 
304.500000 0.565555 0.107836 0.114042 0.059736 0.152832 
305.000000 0.567106 0.105508 0.104732 0.069822 0.152832 
305.500000 0.568658 0.105508 0.109387 0.063615 0.152832 
306.000000 0.564003 0.110163 0.107836 0.065943 0.152056 
306.500000 0.567106 0.107836 0.103957 0.068270 0.152832 
307.000000 0.554694 0.119472 0.106284 0.066718 0.152832 
307.500000 0.556245 0.115593 0.105508 0.069822 0.152832 
308.000000 0.555469 0.112490 0.110939 0.069046 0.152056 
308.500000 0.543832 0.121800 0.101629 0.081458 0.151280 
309.000000 0.531420 0.134988 0.100078 0.081458 0.152056 
309.500000 0.529092 0.136540 0.098526 0.084562 0.151280 
310.000000 0.518231 0.144298 0.096974 0.088441 0.152056 
310.500000 0.513576 0.146625 0.103957 0.084562 0.151280 
311.000000 0.506594 0.152056 0.103957 0.085337 0.152056 
311.500000 0.507370 0.147401 0.104732 0.088441 0.152056 
312.000000 0.499612 0.151280 0.108611 0.088441 0.152056 
312.500000 0.496509 0.151280 0.105508 0.096974 0.149728 
313.000000 0.493406 0.152832 0.111715 0.092320 0.149728 
313.500000 0.491078 0.152832 0.115593 0.091544 0.148953 
314.000000 0.473235 0.169899 0.109387 0.100078 0.147401 
314.500000 0.477890 0.166020 0.107060 0.100853 0.148177 
315.000000 0.474787 0.169123 0.114042 0.096199 0.145849 
315.500000 0.474011 0.167572 0.111715 0.100853 0.145849 
316.000000 0.467804 0.172227 0.117921 0.096974 0.145074 
316.500000 0.469356 0.169123 0.118697 0.097750 0.145074 
317.000000 0.453064 0.181536 0.123351 0.097750 0.144298 
317.500000 0.453064 0.183863 0.119472 0.099302 0.144298 
318.000000 0.459271 0.173002 0.126455 0.096974 0.144298 
318.500000 0.446858 0.183088 0.124127 0.101629 0.144298 
319.000000 0.456168 0.172227 0.132661 0.094647 0.144298 
319.500000 0.446858 0.181536 0.131109 0.095423 0.145074 
320.000000 0.449961 0.176106 0.131885 0.096199 0.145849 
320.500000 0.461598 0.164469 0.131109 0.096974 0.145849 
321.000000 0.458495 0.164469 0.137316 0.093871 0.145849 
321.500000 0.450737 0.172227 0.141971 0.089992 0.145074 
322.000000 0.455392 0.164469 0.142746 0.090768 0.146625 
322.500000 0.456168 0.163693 0.145849 0.086113 0.148177 
323.000000 0.453840 0.167572 0.144298 0.086113 0.148177 
323.500000 0.459271 0.162917 0.147401 0.083010 0.147401 
324.000000 0.453064 0.170675 0.148953 0.080683 0.146625 
324.500000 0.450737 0.170675 0.148177 0.082234 0.148177 
325.000000 0.462374 0.159814 0.147401 0.083786 0.146625 
325.500000 0.460047 0.160590 0.149728 0.082234 0.147401 
326.000000 0.462374 0.157486 0.149728 0.082234 0.148177 
326.500000 0.452289 0.167572 0.148953 0.083786 0.147401 
327.000000 0.464701 0.158262 0.148953 0.081458 0.146625 
327.500000 0.467029 0.154383 0.157486 0.073701 0.147401 
328.000000 0.470132 0.152832 0.153607 0.075252 0.148177 
328.500000 0.470908 0.149728 0.160590 0.070597 0.148177 
329.000000 0.480993 0.140419 0.154383 0.076804 0.147401 
329.500000 0.490303 0.131885 0.160590 0.069046 0.148177 
330.000000 0.484096 0.138092 0.160590 0.068270 0.148953 
330.500000 0.484872 0.139643 0.162917 0.062839 0.149728 
331.000000 0.486424 0.138867 0.160590 0.063615 0.150504 
331.500000 0.480993 0.142746 0.164469 0.062839 0.148953 
332.000000 0.495733 0.129558 0.157486 0.066718 0.150504 
332.500000 0.497285 0.129558 0.161365 0.062064 0.149728 
333.000000 0.490303 0.137316 0.163693 0.059736 0.148953 
333.500000 0.497285 0.131885 0.159038 0.061288 0.150504 
334.000000 0.495733 0.133437 0.159814 0.060512 0.150504 
334.500000 0.499612 0.128782 0.160590 0.059736 0.151280 
335.000000 0.503491 0.124903 0.160590 0.058960 0.152056 
335.500000 0.505043 0.126455 0.166020 0.051202 0.151280 
336.000000 0.509697 0.121800 0.165244 0.050427 0.152832 
336.500000 0.512801 0.117921 0.164469 0.051202 0.153607 
337.000000 0.514352 0.118697 0.160590 0.053530 0.152832 
337.500000 0.519007 0.117145 0.162917 0.048099 0.152832 
338.000000 0.522110 0.113266 0.164469 0.047324 0.152832 
338.500000 0.520559 0.112490 0.168348 0.043445 0.155159 
339.000000 0.515128 0.117921 0.167572 0.044220 0.155159 
339.500000 0.520559 0.114042 0.166796 0.043445 0.155159 
340.000000 0.529868 0.104732 0.167572 0.042669 0.155159 
340.500000 0.529868 0.105508 0.167572 0.042669 0.154383 
341.000000 0.531420 0.103181 0.166796 0.042669 0.155935 
341.500000 0.522110 0.111715 0.169899 0.040341 0.155935 
342.000000 0.527541 0.108611 0.167572 0.039566 0.156711 
342.500000 0.529092 0.106284 0.169123 0.038790 0.156711 
343.000000 0.534523 0.102405 0.166796 0.038790 0.157486 
343.500000 0.532196 0.103181 0.167572 0.038790 0.158262 
344.000000 0.539178 0.099302 0.166020 0.035687 0.159814 
344.500000 0.539953 0.098526 0.166020 0.034911 0.160590 
345.000000 0.546936 0.091544 0.165244 0.035687 0.160590 
345.500000 0.546160 0.094647 0.162141 0.035687 0.161365 
346.000000 0.544608 0.098526 0.159038 0.034911 0.162917 
346.500000 0.552366 0.089992 0.160590 0.034135 0.162917 
347.000000 0.551590 0.090768 0.160590 0.033359 0.163693 
347.500000 0.547711 0.092320 0.162141 0.034135 0.163693 
348.000000 0.558573 0.082234 0.162141 0.031808 0.165244 
348.500000 0.553918 0.086113 0.162141 0.032583 0.165244 
349.000000 0.553142 0.089216 0.164469 0.027153 0.166020 
349.500000 0.553142 0.089216 0.163693 0.030256 0.163693 
350.000000 0.557797 0.084562 0.167572 0.026377 0.163693 
350.500000 0.560124 0.083786 0.165244 0.027153 0.163693 
351.000000 0.568658 0.077580 0.165244 0.024050 0.164469 
351.500000 0.566330 0.079131 0.167572 0.021722 0.165244 
352.000000 0.562452 0.083010 0.163693 0.025601 0.165244 
