0.000000 0.452143 0.092857 0.268571 0.180714 0.005714 
0.500000 0.445000 0.100714 0.265000 0.183571 0.005714 
1.000000 0.450000 0.096429 0.273571 0.174286 0.005714 
1.500000 0.446429 0.100000 0.265714 0.182143 0.005714 
2.000000 0.457857 0.087857 0.270714 0.177857 0.005714 
2.500000 0.450714 0.095714 0.268571 0.178571 0.006429 
3.000000 0.451429 0.096429 0.265714 0.180000 0.006429 
3.500000 0.437143 0.110000 0.267857 0.178571 0.006429 
4.000000 0.437143 0.110714 0.262143 0.183571 0.006429 
4.500000 0.442143 0.104286 0.265000 0.182143 0.006429 
5.000000 0.440000 0.105714 0.264286 0.183571 0.006429 
5.500000 0.444286 0.103571 0.271429 0.174286 0.006429 
6.000000 0.440714 0.105714 0.275714 0.171429 0.006429 
6.500000 0.430714 0.121429 0.270714 0.170000 0.007143 
7.000000 0.422857 0.128571 0.272143 0.167857 0.008571 
7.500000 0.411429 0.144286 0.273571 0.160714 0.010000 
8.000000 0.417857 0.141429 0.276429 0.152857 0.011429 
8.500000 0.412143 0.145714 0.278571 0.150714 0.012857 
9.000000 0.403571 0.157857 0.275714 0.146429 0.016429 
9.500000 0.398571 0.165000 0.276429 0.142143 0.017857 
10.000000 0.406429 0.160714 0.282143 0.132143 0.018571 
10.500000 0.412857 0.156429 0.276429 0.134286 0.020000 
11.000000 0.405000 0.167143 0.286429 0.121429 0.020000 
11.500000 0.403571 0.171429 0.282143 0.120000 0.022857 
12.000000 0.412143 0.165714 0.275000 0.120000 0.027143 
12.500000 0.414286 0.167143 0.277857 0.110714 0.030000 
13.000000 0.416429 0.169286 0.272857 0.108571 0.032857 
13.500000 0.419286 0.171429 0.276429 0.097857 0.035000 
14.000000 0.428571 0.162143 0.274286 0.097857 0.037143 
14.500000 0.435000 0.157857 0.276429 0.092143 0.038571 
15.000000 0.437857 0.156429 0.277857 0.087857 0.040000 
15.500000 0.437143 0.157857 0.279286 0.085000 0.040714 
16.000000 0.444286 0.151429 0.277857 0.083571 0.042857 
16.500000 0.447857 0.149286 0.278571 0.080000 0.044286 
17.000000 0.445000 0.154286 0.280714 0.074286 0.045714 
17.500000 0.451429 0.149286 0.277143 0.073571 0.048571 
18.000000 0.450714 0.154286 0.276429 0.070714 0.047857 
18.500000 0.463571 0.140000 0.273571 0.072857 0.050000 
19.000000 0.465000 0.141429 0.270714 0.071429 0.051429 
19.500000 0.475000 0.132857 0.269286 0.071429 0.051429 
20.000000 0.465000 0.142143 0.271429 0.068571 0.052857 
20.500000 0.473571 0.135000 0.271429 0.065000 0.055000 
21.000000 0.486429 0.122857 0.270714 0.065000 0.055000 
21.500000 0.487143 0.123571 0.269286 0.064286 0.055714 
22.000000 0.485714 0.124286 0.270000 0.062857 0.057143 
22.500000 0.482143 0.127143 0.271429 0.060714 0.058571 
23.000000 0.483571 0.123571 0.271429 0.061429 0.060000 
23.500000 0.498571 0.114286 0.265000 0.059286 0.062857 
24.000000 0.496429 0.115000 0.273571 0.052143 0.062857 
24.500000 0.492143 0.120714 0.271429 0.053571 0.062143 
25.000000 0.503571 0.110714 0.270714 0.052857 0.062143 
25.500000 0.502143 0.109286 0.272857 0.053571 0.062143 
26.000000 0.505714 0.109286 0.270714 0.050714 0.063571 
26.500000 0.510000 0.105000 0.269286 0.051429 0.064286 
27.000000 0.505714 0.110714 0.266429 0.051429 0.065714 
27.500000 0.509286 0.105714 0.268571 0.050714 0.065714 
28.000000 0.507143 0.110714 0.269286 0.046429 0.066429 
28.500000 0.505714 0.113571 0.265714 0.046429 0.068571 
29.000000 0.505000 0.113571 0.262857 0.049286 0.069286 
29.500000 0.509286 0.109286 0.268571 0.042857 0.070000 
30.000000 0.512143 0.109286 0.267143 0.041429 0.070000 
30.500000 0.517857 0.104286 0.265714 0.039286 0.072857 
31.000000 0.522143 0.098571 0.270000 0.037143 0.072143 
31.500000 0.515000 0.107857 0.262857 0.040000 0.074286 
32.000000 0.518571 0.105714 0.260714 0.037857 0.077143 
32.500000 0.523571 0.100714 0.257143 0.042143 0.076429 
33.000000 0.528571 0.100000 0.255714 0.039286 0.076429 
33.500000 0.524286 0.104286 0.258571 0.035000 0.077857 
34.000000 0.527143 0.102143 0.256429 0.036429 0.077857 
34.500000 0.534286 0.093571 0.258571 0.034286 0.079286 
35.000000 0.538571 0.090000 0.255714 0.037857 0.077857 
35.500000 0.538571 0.094286 0.255000 0.033571 0.078571 
36.000000 0.542857 0.087857 0.258571 0.032143 0.078571 
36.500000 0.547857 0.085000 0.259286 0.028571 0.079286 
37.000000 0.550714 0.081429 0.257143 0.030000 0.080714 
37.500000 0.542857 0.088571 0.255000 0.032143 0.081429 
38.000000 0.543571 0.089286 0.253571 0.030714 0.082857 
38.500000 0.545714 0.085714 0.255000 0.030000 0.083571 
39.000000 0.545714 0.087143 0.253571 0.030000 0.083571 
39.500000 0.545000 0.090000 0.252857 0.027857 0.084286 
40.000000 0.542857 0.095000 0.251429 0.026429 0.084286 
40.500000 0.547857 0.089286 0.250714 0.027143 0.085000 
41.000000 0.549286 0.087857 0.251429 0.026429 0.085000 
41.500000 0.545000 0.092857 0.248571 0.027857 0.085714 
42.000000 0.555000 0.082143 0.250714 0.026429 0.085714 
42.500000 0.553571 0.085000 0.251429 0.024286 0.085714 
43.000000 0.562857 0.077857 0.247857 0.024286 0.087143 
43.500000 0.561429 0.078571 0.247143 0.025714 0.087143 
44.000000 0.557143 0.083571 0.247143 0.024286 0.087857 
44.500000 0.562143 0.080714 0.244286 0.022857 0.090000 
45.000000 0.565000 0.078571 0.242143 0.022857 0.091429 
45.500000 0.562857 0.080714 0.242857 0.022143 0.091429 
46.000000 0.558571 0.085000 0.240000 0.023571 0.092857 
46.500000 0.562143 0.081429 0.239286 0.024286 0.092857 
47.000000 0.567857 0.077857 0.240714 0.020714 0.092857 
47.500000 0.570714 0.077143 0.240000 0.018571 0.093571 
48.000000 0.571429 0.073571 0.240714 0.020714 0.093571 
48.500000 0.571429 0.073571 0.242143 0.019286 0.093571 
49.000000 0.572143 0.073571 0.239286 0.020714 0.094286 
49.500000 0.578571 0.067143 0.242143 0.018571 0.093571 
50.000000 0.575000 0.070714 0.243571 0.017143 0.093571 
50.500000 0.577857 0.068571 0.242143 0.017143 0.094286 
51.000000 0.580000 0.067857 0.238571 0.018571 0.095000 
51.500000 0.577143 0.070714 0.235714 0.020000 0.096429 
52.000000 0.575714 0.070714 0.236429 0.019286 0.097857 
52.500000 0.580714 0.067143 0.235000 0.018571 0.098571 
53.000000 0.577857 0.068571 0.235000 0.019286 0.099286 
53.500000 0.577143 0.070714 0.233571 0.017857 0.100714 
54.000000 0.577857 0.070714 0.233571 0.017143 0.100714 
54.500000 0.583571 0.066429 0.233571 0.015714 0.100714 
55.000000 0.576429 0.072143 0.231429 0.019286 0.100714 
55.500000 0.577143 0.072857 0.231429 0.017143 0.101429 
56.000000 0.572143 0.078571 0.229286 0.017857 0.102143 
56.500000 0.580714 0.069286 0.230714 0.016429 0.102857 
57.000000 0.572857 0.077857 0.227143 0.020000 0.102143 
57.500000 0.582143 0.068571 0.228571 0.018571 0.102143 
58.000000 0.582143 0.072143 0.225714 0.017143 0.102857 
58.500000 0.588571 0.066429 0.228571 0.014286 0.102143 
59.000000 0.586429 0.067143 0.225714 0.018571 0.102143 
59.500000 0.576429 0.077143 0.226429 0.017857 0.102143 
60.000000 0.590714 0.064286 0.225000 0.017143 0.102857 
60.500000 0.585714 0.068571 0.225714 0.016429 0.103571 
61.000000 0.591429 0.062143 0.224286 0.018571 0.103571 
61.500000 0.590000 0.063571 0.223571 0.019286 0.103571 
62.000000 0.592857 0.060714 0.225000 0.017857 0.103571 
62.500000 0.588571 0.065714 0.225714 0.015000 0.105000 
63.000000 0.593571 0.059286 0.225000 0.017857 0.104286 
63.500000 0.592857 0.061429 0.224286 0.017857 0.103571 
64.000000 0.585000 0.068571 0.227857 0.014286 0.104286 
64.500000 0.585714 0.067143 0.226429 0.015714 0.105000 
65.000000 0.587857 0.066429 0.222857 0.018571 0.104286 
65.500000 0.585714 0.069286 0.221429 0.018571 0.105000 
66.000000 0.583571 0.070000 0.225000 0.017143 0.104286 
66.500000 0.583571 0.070714 0.225714 0.016429 0.103571 
67.000000 0.584286 0.071429 0.224286 0.015714 0.104286 
67.500000 0.592857 0.062857 0.225714 0.015000 0.103571 
68.000000 0.590714 0.065714 0.225000 0.015000 0.103571 
68.500000 0.587143 0.068571 0.227143 0.013571 0.103571 
69.000000 0.586429 0.068571 0.227143 0.012857 0.105000 
69.500000 0.596429 0.057857 0.227857 0.012857 0.105000 
70.000000 0.604286 0.052143 0.226429 0.012143 0.105000 
70.500000 0.597143 0.060000 0.222857 0.014286 0.105714 
71.000000 0.597857 0.059286 0.222143 0.014286 0.106429 
71.500000 0.592857 0.064286 0.220714 0.015000 0.107143 
72.000000 0.602857 0.055000 0.222857 0.012143 0.107143 
72.500000 0.599286 0.057857 0.222143 0.014286 0.106429 
73.000000 0.594286 0.062857 0.222857 0.013571 0.106429 
73.500000 0.599286 0.059286 0.221429 0.012857 0.107143 
74.000000 0.595000 0.062857 0.222857 0.012143 0.107143 
74.500000 0.598571 0.059286 0.222857 0.011429 0.107857 
75.000000 0.597143 0.061429 0.221429 0.012143 0.107857 
75.500000 0.598571 0.059286 0.222857 0.011429 0.107857 
76.000000 0.603571 0.054286 0.222143 0.012143 0.107857 
76.500000 0.600000 0.059286 0.219286 0.012857 0.108571 
77.000000 0.598571 0.061429 0.220000 0.011429 0.108571 
77.500000 0.605000 0.055000 0.220714 0.010714 0.108571 
78.000000 0.603571 0.056429 0.218571 0.012857 0.108571 
78.500000 0.609286 0.050000 0.218571 0.013571 0.108571 
79.000000 0.610714 0.050000 0.218571 0.012857 0.107857 
79.500000 0.609286 0.052143 0.217857 0.012857 0.107857 
80.000000 0.616429 0.044286 0.217143 0.013571 0.108571 
80.500000 0.612857 0.048571 0.214286 0.014286 0.110000 
81.000000 0.611429 0.049286 0.215714 0.012857 0.110714 
81.500000 0.610000 0.051429 0.217143 0.010714 0.110714 
82.000000 0.610000 0.051429 0.216429 0.010714 0.111429 
82.500000 0.610714 0.050714 0.214286 0.012143 0.112143 
83.000000 0.607857 0.054286 0.212857 0.012857 0.112143 
83.500000 0.611429 0.052857 0.207857 0.015000 0.112857 
84.000000 0.610714 0.052143 0.211429 0.012857 0.112857 
84.500000 0.611429 0.052143 0.212143 0.010714 0.113571 
85.000000 0.610000 0.052857 0.212857 0.010714 0.113571 
85.500000 0.611429 0.053571 0.207143 0.014286 0.113571 
86.000000 0.613571 0.050714 0.207857 0.012857 0.115000 
86.500000 0.615000 0.047857 0.207143 0.015000 0.115000 
87.000000 0.610714 0.052857 0.209286 0.012143 0.115000 
87.500000 0.612143 0.050714 0.207143 0.014286 0.115714 
88.000000 0.613571 0.049286 0.206429 0.015000 0.115714 
88.500000 0.617143 0.045714 0.206429 0.015714 0.115000 
89.000000 0.616429 0.046429 0.207857 0.014286 0.115000 
89.500000 0.613571 0.048571 0.207857 0.013571 0.116429 
90.000000 0.620714 0.042143 0.207857 0.014286 0.115000 
90.500000 0.616429 0.046429 0.207143 0.014286 0.115714 
91.000000 0.617857 0.045714 0.208571 0.011429 0.116429 
91.500000 0.625000 0.040000 0.205714 0.013571 0.115714 
92.000000 0.625714 0.039286 0.203571 0.015000 0.116429 
92.500000 0.625714 0.040714 0.205714 0.011429 0.116429 
93.000000 0.625714 0.040714 0.205000 0.010714 0.117857 
93.500000 0.626429 0.042857 0.202857 0.010714 0.117143 
94.000000 0.631429 0.037857 0.202857 0.009286 0.118571 
94.500000 0.632857 0.035714 0.202143 0.010000 0.119286 
95.000000 0.630714 0.037143 0.200714 0.010714 0.120714 
95.500000 0.623571 0.045000 0.199286 0.011429 0.120714 
96.000000 0.620714 0.049286 0.201429 0.009286 0.119286 
96.500000 0.620000 0.050000 0.199286 0.010714 0.120000 
97.000000 0.619286 0.050000 0.197857 0.012857 0.120000 
97.500000 0.623571 0.046429 0.201429 0.009286 0.119286 
98.000000 0.622143 0.049286 0.201429 0.008571 0.118571 
98.500000 0.615714 0.055000 0.199286 0.010000 0.120000 
99.000000 0.620000 0.050714 0.197857 0.010000 0.121429 
99.500000 0.620000 0.050714 0.198571 0.009286 0.121429 
100.000000 0.617143 0.054286 0.197143 0.010000 0.121429 
100.500000 0.622857 0.049286 0.195714 0.010000 0.122143 
101.000000 0.625000 0.045714 0.194286 0.010714 0.124286 
101.500000 0.619286 0.052143 0.192143 0.012143 0.124286 
102.000000 0.622857 0.048571 0.191429 0.013571 0.123571 
102.500000 0.626429 0.045714 0.192143 0.011429 0.124286 
103.000000 0.621429 0.050000 0.188571 0.015000 0.125000 
103.500000 0.615714 0.055714 0.192857 0.010714 0.125000 
104.000000 0.618571 0.052143 0.195000 0.008571 0.125714 
104.500000 0.619286 0.051429 0.192857 0.010714 0.125714 
105.000000 0.622857 0.047857 0.193571 0.010000 0.125714 
105.500000 0.617857 0.052857 0.189286 0.014286 0.125714 
106.000000 0.623571 0.047857 0.190714 0.012857 0.125000 
106.500000 0.626429 0.045000 0.191429 0.012143 0.125000 
107.000000 0.621429 0.051429 0.192143 0.009286 0.125714 
107.500000 0.619286 0.054286 0.190000 0.009286 0.127143 
108.000000 0.616429 0.055714 0.190000 0.010000 0.127857 
108.500000 0.621429 0.050000 0.191429 0.008571 0.128571 
109.000000 0.612857 0.059286 0.187857 0.011429 0.128571 
109.500000 0.618571 0.052857 0.187143 0.012143 0.129286 
110.000000 0.620714 0.052857 0.190000 0.009286 0.127143 
110.500000 0.617857 0.055000 0.187143 0.011429 0.128571 
111.000000 0.618571 0.053571 0.187857 0.010714 0.129286 
111.500000 0.620000 0.053571 0.188571 0.007857 0.130000 
112.000000 0.617857 0.057143 0.190714 0.005000 0.129286 
112.500000 0.620714 0.054286 0.190000 0.005714 0.129286 
113.000000 0.618571 0.055000 0.189286 0.007143 0.130000 
113.500000 0.620714 0.052857 0.187143 0.009286 0.130000 
114.000000 0.622143 0.052143 0.187143 0.007143 0.131429 
114.500000 0.615000 0.057857 0.188571 0.007857 0.130714 
115.000000 0.626429 0.047857 0.188571 0.007143 0.130000 
115.500000 0.620000 0.055000 0.185714 0.007857 0.131429 
116.000000 0.621429 0.054286 0.186429 0.006429 0.131429 
116.500000 0.625714 0.050714 0.185000 0.006429 0.132143 
117.000000 0.621429 0.055714 0.185714 0.005714 0.131429 
117.500000 0.617857 0.060000 0.184286 0.006429 0.131429 
118.000000 0.614286 0.060714 0.186429 0.007857 0.130714 
118.500000 0.615714 0.059286 0.187857 0.005714 0.131429 
119.000000 0.617143 0.059286 0.186429 0.005714 0.131429 
119.500000 0.619286 0.057143 0.187143 0.005000 0.131429 
120.000000 0.611429 0.066429 0.183571 0.006429 0.132143 
120.500000 0.614286 0.062857 0.182857 0.007857 0.132143 
121.000000 0.617143 0.060000 0.182857 0.007143 0.132857 
121.500000 0.615000 0.062857 0.182143 0.007143 0.132857 
122.000000 0.622143 0.057143 0.181429 0.005714 0.133571 
122.500000 0.620714 0.059286 0.178571 0.007857 0.133571 
123.000000 0.618571 0.061429 0.180000 0.006429 0.133571 
123.500000 0.616429 0.064286 0.177857 0.007857 0.133571 
124.000000 0.621429 0.059286 0.178571 0.007143 0.133571 
124.500000 0.617857 0.063571 0.177857 0.007143 0.133571 
125.000000 0.617857 0.063571 0.178571 0.006429 0.133571 
125.500000 0.623571 0.058571 0.174286 0.009286 0.134286 
126.000000 0.622143 0.059286 0.177857 0.007143 0.133571 
126.500000 0.627857 0.053571 0.177857 0.007143 0.133571 
127.000000 0.625000 0.056429 0.178571 0.007143 0.132857 
127.500000 0.625714 0.056429 0.177857 0.005714 0.134286 
128.000000 0.620000 0.062857 0.177143 0.005714 0.134286 
128.500000 0.622143 0.060000 0.176429 0.007857 0.133571 
129.000000 0.625714 0.057857 0.175000 0.007143 0.134286 
129.500000 0.625000 0.059286 0.174286 0.007143 0.134286 
130.000000 0.623571 0.059286 0.177857 0.005000 0.134286 
130.500000 0.622857 0.061429 0.175714 0.005714 0.134286 
131.000000 0.622857 0.062143 0.175000 0.005714 0.134286 
131.500000 0.622857 0.061429 0.177857 0.004286 0.133571 
132.000000 0.624286 0.060714 0.173571 0.007857 0.133571 
132.500000 0.628571 0.057143 0.173571 0.007143 0.133571 
133.000000 0.629286 0.056429 0.172143 0.007857 0.134286 
133.500000 0.625714 0.060000 0.170714 0.009286 0.134286 
134.000000 0.627143 0.057143 0.172143 0.009286 0.134286 
134.500000 0.624286 0.062143 0.170714 0.009286 0.133571 
135.000000 0.625714 0.060000 0.174286 0.007857 0.132143 
135.500000 0.629286 0.056429 0.170714 0.009286 0.134286 
136.000000 0.622143 0.064286 0.170000 0.008571 0.135000 
136.500000 0.620714 0.066429 0.170714 0.006429 0.135714 
137.000000 0.627143 0.060000 0.170000 0.007143 0.135714 
137.500000 0.626429 0.060714 0.167143 0.008571 0.137143 
138.000000 0.624286 0.062857 0.168571 0.007143 0.137143 
138.500000 0.619286 0.068571 0.167857 0.006429 0.137857 
139.000000 0.623571 0.065000 0.166429 0.006429 0.138571 
139.500000 0.621429 0.067143 0.165000 0.007143 0.139286 
140.000000 0.626429 0.061429 0.165000 0.007857 0.139286 
140.500000 0.627143 0.060714 0.162857 0.008571 0.140714 
141.000000 0.629286 0.058571 0.162143 0.008571 0.141429 
141.500000 0.624286 0.062857 0.162857 0.007143 0.142857 
142.000000 0.622857 0.066429 0.161429 0.007143 0.142143 
142.500000 0.625000 0.062857 0.160714 0.007857 0.143571 
143.000000 0.624286 0.062857 0.159286 0.009286 0.144286 
143.500000 0.627143 0.061429 0.161429 0.007143 0.142857 
144.000000 0.632143 0.057857 0.160000 0.006429 0.143571 
144.500000 0.637857 0.052143 0.161429 0.005714 0.142857 
145.000000 0.643571 0.046429 0.158571 0.007143 0.144286 
145.500000 0.637857 0.052143 0.156429 0.009286 0.144286 
146.000000 0.632143 0.057857 0.156429 0.007143 0.146429 
146.500000 0.631429 0.058571 0.155714 0.007857 0.146429 
147.000000 0.631429 0.058571 0.155714 0.007857 0.146429 
147.500000 0.632143 0.057857 0.157857 0.006429 0.145714 
148.000000 0.632143 0.059286 0.155714 0.006429 0.146429 
148.500000 0.620714 0.070714 0.155714 0.006429 0.146429 
149.000000 0.626429 0.065000 0.154286 0.005000 0.149286 
149.500000 0.631429 0.060000 0.151429 0.007857 0.149286 
150.000000 0.630000 0.062857 0.152143 0.005714 0.149286 
150.500000 0.634286 0.057143 0.152143 0.006429 0.150000 
151.000000 0.632857 0.058571 0.152143 0.006429 0.150000 
151.500000 0.629286 0.062857 0.152143 0.005714 0.150000 
152.000000 0.631429 0.061429 0.150714 0.006429 0.150000 
152.500000 0.631429 0.060714 0.149286 0.006429 0.152143 
153.000000 0.634286 0.060000 0.150714 0.002857 0.152143 
153.500000 0.630714 0.063571 0.150714 0.002857 0.152143 
154.000000 0.630714 0.062857 0.150000 0.004286 0.152143 
154.500000 0.633571 0.060000 0.150000 0.005714 0.150714 
155.000000 0.625000 0.069286 0.147857 0.006429 0.151429 
155.500000 0.626429 0.067857 0.147857 0.005714 0.152143 
156.000000 0.629286 0.065000 0.145714 0.007143 0.152857 
156.500000 0.630714 0.062143 0.144286 0.009286 0.153571 
157.000000 0.631429 0.062143 0.147143 0.007143 0.152143 
157.500000 0.623571 0.069286 0.144286 0.008571 0.154286 
158.000000 0.623571 0.070000 0.144286 0.008571 0.153571 
158.500000 0.625000 0.070000 0.145000 0.006429 0.153571 
159.000000 0.622857 0.072857 0.142857 0.008571 0.152857 
159.500000 0.613571 0.080000 0.143571 0.010000 0.152857 
160.000000 0.622143 0.072143 0.144286 0.008571 0.152857 
160.500000 0.624286 0.072143 0.141429 0.009286 0.152857 
161.000000 0.619286 0.075714 0.142143 0.009286 0.153571 
161.500000 0.624286 0.070000 0.142857 0.007143 0.155714 
162.000000 0.617857 0.077143 0.142857 0.007143 0.155000 
162.500000 0.616429 0.079286 0.140714 0.008571 0.155000 
163.000000 0.617857 0.077857 0.142857 0.007143 0.154286 
163.500000 0.623571 0.072857 0.140714 0.007857 0.155000 
164.000000 0.632143 0.065000 0.140714 0.007143 0.155000 
164.500000 0.632857 0.063571 0.141429 0.005714 0.156429 
165.000000 0.637857 0.057857 0.141429 0.006429 0.156429 
165.500000 0.633571 0.062143 0.141429 0.006429 0.156429 
166.000000 0.630714 0.065000 0.140714 0.006429 0.157143 
166.500000 0.629286 0.067143 0.141429 0.005000 0.157143 
167.000000 0.632143 0.064286 0.141429 0.005000 0.157143 
167.500000 0.625000 0.071429 0.138571 0.007143 0.157857 
168.000000 0.631429 0.064286 0.140000 0.006429 0.157857 
168.500000 0.631429 0.064286 0.139286 0.006429 0.158571 
169.000000 0.635714 0.060000 0.140714 0.005714 0.157857 
169.500000 0.637143 0.058571 0.141429 0.005000 0.157857 
170.000000 0.642143 0.055714 0.140000 0.004286 0.157857 
170.500000 0.640000 0.057857 0.139286 0.004286 0.158571 
171.000000 0.639286 0.057857 0.138571 0.005714 0.158571 
171.500000 0.638571 0.059286 0.138571 0.005000 0.158571 
172.000000 0.635714 0.062857 0.138571 0.005000 0.157857 
172.500000 0.635714 0.061429 0.139286 0.005000 0.158571 
173.000000 0.623571 0.073571 0.137143 0.006429 0.159286 
173.500000 0.627857 0.069286 0.137143 0.007143 0.158571 
174.000000 0.634286 0.062857 0.138571 0.005714 0.158571 
174.500000 0.628571 0.068571 0.138571 0.005000 0.159286 
175.000000 0.627143 0.070714 0.140000 0.005000 0.157143 
175.500000 0.621429 0.075000 0.140000 0.004286 0.159286 
176.000000 0.632143 0.065000 0.137857 0.005714 0.159286 
176.500000 0.630714 0.066429 0.137857 0.005000 0.160000 
177.000000 0.632857 0.065000 0.135714 0.005714 0.160714 
177.500000 0.635000 0.062857 0.132857 0.005714 0.163571 
178.000000 0.636429 0.060714 0.133571 0.005714 0.163571 
178.500000 0.636429 0.061429 0.134286 0.004286 0.163571 
179.000000 0.632857 0.065000 0.133571 0.005000 0.163571 
179.500000 0.630714 0.066429 0.133571 0.004286 0.165000 
180.000000 0.632857 0.064286 0.134286 0.004286 0.164286 
180.500000 0.630000 0.070000 0.130714 0.005000 0.164286 
181.000000 0.629286 0.071429 0.128571 0.005714 0.165000 
181.500000 0.639286 0.061429 0.127857 0.005714 0.165714 
182.000000 0.632143 0.069286 0.126429 0.007857 0.164286 
182.500000 0.635714 0.065000 0.127143 0.007143 0.165000 
183.000000 0.639286 0.062857 0.125714 0.007143 0.165000 
183.500000 0.637857 0.062857 0.126429 0.006429 0.166429 
184.000000 0.635714 0.065714 0.125714 0.005714 0.167143 
184.500000 0.641429 0.059286 0.124286 0.007143 0.167857 
185.000000 0.645714 0.056429 0.122857 0.006429 0.168571 
185.500000 0.646429 0.055714 0.122143 0.007143 0.168571 
186.000000 0.637857 0.063571 0.122143 0.007857 0.168571 
186.500000 0.634286 0.067143 0.121429 0.007143 0.170000 
187.000000 0.647143 0.054286 0.120714 0.007143 0.170714 
187.500000 0.641429 0.060714 0.120000 0.007143 0.170714 
188.000000 0.640714 0.060714 0.122857 0.005000 0.170714 
188.500000 0.645714 0.057143 0.121429 0.005714 0.170000 
189.000000 0.637143 0.064286 0.119286 0.007857 0.171429 
189.500000 0.637143 0.064286 0.119286 0.008571 0.170714 
190.000000 0.640000 0.061429 0.118571 0.008571 0.171429 
190.500000 0.645714 0.056429 0.118571 0.007857 0.171429 
191.000000 0.641429 0.060000 0.120714 0.006429 0.171429 
191.500000 0.642857 0.059286 0.119286 0.007143 0.171429 
192.000000 0.647143 0.055000 0.120714 0.005714 0.171429 
192.500000 0.640714 0.061429 0.120714 0.005714 0.171429 
193.000000 0.642143 0.060714 0.119286 0.006429 0.171429 
193.500000 0.637857 0.065000 0.118571 0.007143 0.171429 
194.000000 0.637857 0.064286 0.117143 0.007857 0.172857 
194.500000 0.644286 0.057857 0.117857 0.006429 0.173571 
195.000000 0.637143 0.065000 0.118571 0.005714 0.173571 
195.500000 0.645714 0.056429 0.118571 0.005714 0.173571 
196.000000 0.645000 0.057857 0.117857 0.005714 0.173571 
196.500000 0.645000 0.058571 0.115714 0.006429 0.174286 
197.000000 0.643571 0.060714 0.115000 0.006429 0.174286 
197.500000 0.637857 0.065000 0.115000 0.007143 0.175000 
198.000000 0.638571 0.063571 0.117143 0.005714 0.175000 
198.500000 0.652143 0.052143 0.114286 0.006429 0.175000 
199.000000 0.637143 0.066429 0.115714 0.005714 0.175000 
199.500000 0.648571 0.055714 0.114286 0.005714 0.175714 
200.000000 0.645714 0.057857 0.112143 0.008571 0.175714 
200.500000 0.649286 0.055000 0.112143 0.007857 0.175714 
201.000000 0.651429 0.052857 0.112143 0.008571 0.175000 
201.500000 0.648571 0.055714 0.113571 0.005714 0.176429 
202.000000 0.650000 0.054286 0.112857 0.006429 0.176429 
202.500000 0.645714 0.058571 0.113571 0.005714 0.176429 
203.000000 0.655000 0.050000 0.112143 0.006429 0.176429 
203.500000 0.650000 0.055714 0.110714 0.007143 0.176429 
204.000000 0.650000 0.056429 0.110000 0.006429 0.177143 
204.500000 0.649286 0.057857 0.110000 0.006429 0.176429 
205.000000 0.655000 0.052143 0.110000 0.006429 0.176429 
205.500000 0.655714 0.049286 0.112143 0.006429 0.176429 
206.000000 0.657143 0.048571 0.110714 0.007143 0.176429 
206.500000 0.649286 0.056429 0.112857 0.005000 0.176429 
207.000000 0.648571 0.057143 0.114286 0.003571 0.176429 
207.500000 0.658571 0.047143 0.114286 0.003571 0.176429 
208.000000 0.650000 0.055714 0.113571 0.004286 0.176429 
208.500000 0.651429 0.055000 0.112857 0.004286 0.176429 
209.000000 0.650714 0.055714 0.112143 0.005000 0.176429 
209.500000 0.650714 0.055000 0.114286 0.003571 0.176429 
210.000000 0.644286 0.061429 0.114286 0.003571 0.176429 
210.500000 0.640000 0.065000 0.112857 0.005714 0.176429 
211.000000 0.642857 0.063571 0.110714 0.006429 0.176429 
211.500000 0.645000 0.060714 0.111429 0.005000 0.177857 
212.000000 0.642857 0.062857 0.110714 0.005714 0.177857 
212.500000 0.648571 0.057143 0.111429 0.005000 0.177857 
213.000000 0.646429 0.059286 0.110714 0.005714 0.177857 
213.500000 0.643571 0.060714 0.112857 0.005000 0.177857 
214.000000 0.642143 0.062857 0.111429 0.005000 0.178571 
214.500000 0.635000 0.070000 0.112143 0.005000 0.177857 
215.000000 0.636429 0.068571 0.106429 0.010000 0.178571 
215.500000 0.644286 0.060714 0.108571 0.007857 0.178571 
216.000000 0.640714 0.063571 0.110714 0.007143 0.177857 
216.500000 0.642143 0.062143 0.111429 0.006429 0.177857 
217.000000 0.646429 0.060000 0.110714 0.005000 0.177857 
217.500000 0.648571 0.057857 0.110714 0.005000 0.177857 
218.000000 0.649286 0.057857 0.110000 0.005000 0.177857 
218.500000 0.649286 0.058571 0.110714 0.003571 0.177857 
219.000000 0.652857 0.055714 0.107857 0.005714 0.177857 
219.500000 0.646429 0.062143 0.110000 0.005000 0.176429 
220.000000 0.647143 0.060714 0.108571 0.006429 0.177143 
220.500000 0.642143 0.065000 0.110000 0.005714 0.177143 
221.000000 0.647857 0.059286 0.109286 0.005714 0.177857 
221.500000 0.650714 0.057143 0.109286 0.005000 0.177857 
222.000000 0.655714 0.052143 0.109286 0.005000 0.177857 
222.500000 0.652857 0.055714 0.109286 0.004286 0.177857 
223.000000 0.658571 0.050000 0.110000 0.003571 0.177857 
223.500000 0.653571 0.055000 0.108571 0.005000 0.177857 
224.000000 0.657143 0.052857 0.107143 0.005000 0.177857 
224.500000 0.659286 0.050714 0.108571 0.003571 0.177857 
225.000000 0.649286 0.060714 0.108571 0.003571 0.177857 
225.500000 0.654286 0.056429 0.108571 0.002857 0.177857 
226.000000 0.654286 0.056429 0.108571 0.003571 0.177143 
226.500000 0.654286 0.055000 0.107857 0.003571 0.179286 
227.000000 0.655000 0.054286 0.107857 0.003571 0.179286 
227.500000 0.658571 0.050714 0.107143 0.004286 0.179286 
228.000000 0.650714 0.058571 0.104286 0.005714 0.180714 
228.500000 0.651429 0.057857 0.105000 0.005000 0.180714 
229.000000 0.655000 0.054286 0.105000 0.005000 0.180714 
229.500000 0.655714 0.053571 0.106429 0.004286 0.180000 
230.000000 0.651429 0.057857 0.105714 0.005000 0.180000 
230.500000 0.657857 0.051429 0.105000 0.004286 0.181429 
231.000000 0.659286 0.050000 0.106429 0.003571 0.180714 
231.500000 0.662143 0.047143 0.107143 0.002857 0.180714 
232.000000 0.660000 0.049286 0.106429 0.002857 0.181429 
232.500000 0.651429 0.057857 0.104286 0.004286 0.182143 
233.000000 0.651429 0.057857 0.105000 0.002857 0.182857 
233.500000 0.648571 0.060714 0.103571 0.003571 0.183571 
234.000000 0.645000 0.063571 0.105000 0.003571 0.182857 
234.500000 0.652143 0.057143 0.103571 0.003571 0.183571 
235.000000 0.654286 0.055000 0.104286 0.002857 0.183571 
235.500000 0.650000 0.059286 0.104286 0.002857 0.183571 
236.000000 0.652143 0.057857 0.104286 0.002143 0.183571 
236.500000 0.650714 0.059286 0.104286 0.001429 0.184286 
237.000000 0.653571 0.056429 0.102143 0.002857 0.185000 
237.500000 0.655000 0.055000 0.102857 0.002143 0.185000 
238.000000 0.655000 0.054286 0.102857 0.002857 0.185000 
238.500000 0.651429 0.059286 0.102143 0.002143 0.185000 
239.000000 0.648571 0.061429 0.102857 0.002143 0.185000 
239.500000 0.645000 0.065000 0.105000 0.001429 0.183571 
240.000000 0.655714 0.054286 0.102143 0.002857 0.185000 
240.500000 0.651429 0.057857 0.102143 0.003571 0.185000 
241.000000 0.657857 0.051429 0.102143 0.004286 0.184286 
241.500000 0.657857 0.051429 0.100714 0.005714 0.184286 
242.000000 0.655000 0.054286 0.101429 0.005000 0.184286 
242.500000 0.654286 0.055000 0.101429 0.004286 0.185000 
243.000000 0.655000 0.054286 0.102143 0.003571 0.185000 
243.500000 0.647857 0.060714 0.103571 0.002857 0.185000 
244.000000 0.649286 0.059286 0.103571 0.002857 0.185000 
244.500000 0.655000 0.054286 0.102857 0.002143 0.185714 
245.000000 0.649286 0.059286 0.100714 0.003571 0.187143 
245.500000 0.651429 0.057143 0.100000 0.004286 0.187143 
246.000000 0.650000 0.058571 0.100000 0.003571 0.187857 
246.500000 0.652857 0.055714 0.100000 0.003571 0.187857 
247.000000 0.645000 0.063571 0.100000 0.003571 0.187857 
247.500000 0.650000 0.058571 0.101429 0.002143 0.187857 
248.000000 0.655000 0.054286 0.098571 0.004286 0.187857 
248.500000 0.650714 0.058571 0.100000 0.003571 0.187143 
249.000000 0.650000 0.060000 0.097143 0.004286 0.188571 
249.500000 0.650714 0.060000 0.097143 0.003571 0.188571 
250.000000 0.656429 0.052857 0.097143 0.005000 0.188571 
250.500000 0.647857 0.061429 0.097857 0.005000 0.187857 
251.000000 0.650000 0.059286 0.097857 0.005714 0.187143 
251.500000 0.648571 0.060714 0.097857 0.005000 0.187857 
252.000000 0.653571 0.055714 0.097143 0.006429 0.187143 
252.500000 0.650714 0.058571 0.097143 0.006429 0.187143 
253.000000 0.652143 0.057857 0.099286 0.003571 0.187143 
253.500000 0.649286 0.060714 0.097857 0.004286 0.187857 
254.000000 0.655000 0.053571 0.098571 0.005000 0.187857 
254.500000 0.655714 0.054286 0.098571 0.003571 0.187857 
255.000000 0.652857 0.057857 0.097143 0.004286 0.187857 
255.500000 0.652857 0.057143 0.097143 0.005000 0.187857 
256.000000 0.652857 0.058571 0.093571 0.006429 0.188571 
256.500000 0.651429 0.060000 0.094286 0.005000 0.189286 
257.000000 0.647143 0.065000 0.093571 0.004286 0.190000 
257.500000 0.650714 0.060000 0.093571 0.007143 0.188571 
258.000000 0.654286 0.057143 0.095714 0.004286 0.188571 
258.500000 0.648571 0.062143 0.095000 0.004286 0.190000 
259.000000 0.650000 0.060714 0.095714 0.003571 0.190000 
259.500000 0.647857 0.064286 0.094286 0.002857 0.190714 
260.000000 0.645714 0.065714 0.094286 0.005000 0.189286 
260.500000 0.651429 0.060714 0.093571 0.004286 0.190000 
261.000000 0.647857 0.062857 0.095000 0.005000 0.189286 
261.500000 0.652143 0.057857 0.095000 0.005714 0.189286 
262.000000 0.650714 0.060000 0.096429 0.002857 0.190000 
262.500000 0.650714 0.060000 0.093571 0.005000 0.190714 
263.000000 0.652143 0.057857 0.093571 0.005714 0.190714 
263.500000 0.649286 0.062143 0.095000 0.002857 0.190714 
264.000000 0.642143 0.069286 0.094286 0.003571 0.190714 
264.500000 0.645714 0.065714 0.093571 0.003571 0.191429 
265.000000 0.645714 0.065714 0.093571 0.004286 0.190714 
265.500000 0.645714 0.065000 0.091429 0.006429 0.191429 
266.000000 0.647143 0.065000 0.090000 0.005714 0.192143 
266.500000 0.648571 0.064286 0.090714 0.004286 0.192143 
267.000000 0.643571 0.068571 0.091429 0.004286 0.192143 
267.500000 0.648571 0.064286 0.091429 0.004286 0.191429 
268.000000 0.649286 0.063571 0.090714 0.004286 0.192143 
268.500000 0.651429 0.061429 0.091429 0.003571 0.192143 
269.000000 0.645714 0.066429 0.092143 0.003571 0.192143 
269.500000 0.655000 0.056429 0.092143 0.004286 0.192143 
270.000000 0.654286 0.057857 0.092857 0.002857 0.192143 
270.500000 0.659286 0.052857 0.092143 0.003571 0.192143 
271.000000 0.653571 0.058571 0.090714 0.004286 0.192857 
271.500000 0.659286 0.052857 0.089286 0.005000 0.193571 
272.000000 0.652143 0.059286 0.089286 0.006429 0.192857 
272.500000 0.660000 0.052143 0.088571 0.005714 0.193571 
273.000000 0.657143 0.054286 0.090714 0.004286 0.193571 
273.500000 0.655000 0.057857 0.089286 0.004286 0.193571 
274.000000 0.654286 0.057143 0.090000 0.005000 0.193571 
274.500000 0.652857 0.060714 0.087857 0.004286 0.194286 
275.000000 0.657857 0.055000 0.087857 0.005000 0.194286 
275.500000 0.655000 0.057857 0.087857 0.005000 0.194286 
276.000000 0.650714 0.062143 0.088571 0.005000 0.193571 
276.500000 0.652143 0.060714 0.087143 0.007143 0.192857 
277.000000 0.655714 0.057143 0.087857 0.006429 0.192857 
277.500000 0.651429 0.062857 0.085714 0.005000 0.195000 
278.000000 0.657857 0.057143 0.086429 0.005000 0.193571 
278.500000 0.656429 0.057857 0.086429 0.004286 0.195000 
279.000000 0.655714 0.058571 0.087857 0.003571 0.194286 
279.500000 0.660714 0.052857 0.088571 0.003571 0.194286 
280.000000 0.658571 0.055714 0.085714 0.004286 0.195714 
280.500000 0.653571 0.061429 0.085714 0.005000 0.194286 
281.000000 0.650714 0.062857 0.087143 0.004286 0.195000 
281.500000 0.650000 0.062857 0.084286 0.006429 0.196429 
282.000000 0.651429 0.061429 0.085714 0.006429 0.195000 
282.500000 0.652857 0.060000 0.085000 0.007857 0.194286 
283.000000 0.656429 0.056429 0.087143 0.005000 0.195000 
283.500000 0.655000 0.057143 0.089286 0.004286 0.194286 
284.000000 0.652143 0.061429 0.087857 0.003571 0.195000 
284.500000 0.656429 0.057857 0.087143 0.003571 0.195000 
285.000000 0.649286 0.065714 0.087143 0.003571 0.194286 
285.500000 0.653571 0.060714 0.087143 0.005000 0.193571 
286.000000 0.650000 0.065000 0.084286 0.006429 0.194286 
286.500000 0.654286 0.060714 0.082857 0.007143 0.195000 
287.000000 0.655000 0.060714 0.086429 0.003571 0.194286 
287.500000 0.652143 0.062857 0.086429 0.003571 0.195000 
288.000000 0.652857 0.061429 0.087143 0.002857 0.195714 
288.500000 0.657143 0.058571 0.085000 0.004286 0.195000 
289.000000 0.659286 0.057143 0.085714 0.002857 0.195000 
289.500000 0.661429 0.056429 0.082857 0.003571 0.195714 
290.000000 0.661429 0.056429 0.082857 0.003571 0.195714 
290.500000 0.656429 0.060000 0.082143 0.005000 0.196429 
291.000000 0.657143 0.059286 0.080714 0.006429 0.196429 
291.500000 0.668571 0.050000 0.080000 0.005000 0.196429 
292.000000 0.663571 0.054286 0.082143 0.003571 0.196429 
292.500000 0.660000 0.059286 0.080714 0.003571 0.196429 
293.000000 0.660000 0.057857 0.079286 0.005714 0.197143 
293.500000 0.662143 0.055714 0.081429 0.003571 0.197143 
294.000000 0.665000 0.052857 0.081429 0.003571 0.197143 
294.500000 0.659286 0.060714 0.080000 0.002857 0.197143 
295.000000 0.654286 0.064286 0.080714 0.003571 0.197143 
295.500000 0.662143 0.055714 0.081429 0.003571 0.197143 
296.000000 0.660714 0.056429 0.080714 0.004286 0.197857 
296.500000 0.661429 0.056429 0.081429 0.003571 0.197143 
297.000000 0.662143 0.055000 0.080714 0.005000 0.197143 
297.500000 0.660714 0.057857 0.079286 0.003571 0.198571 
298.000000 0.661429 0.057143 0.078571 0.004286 0.198571 
298.500000 0.662143 0.056429 0.079286 0.004286 0.197857 
299.000000 0.660714 0.058571 0.078571 0.004286 0.197857 
299.500000 0.660000 0.057857 0.080000 0.004286 0.197857 
300.000000 0.662857 0.055000 0.081429 0.003571 0.197143 
300.500000 0.658571 0.059286 0.078571 0.004286 0.199286 
301.000000 0.652143 0.066429 0.077857 0.002857 0.200714 
301.500000 0.660000 0.058571 0.077857 0.003571 0.200000 
302.000000 0.658571 0.060000 0.073571 0.007143 0.200714 
302.500000 0.658571 0.060000 0.074286 0.005714 0.201429 
303.000000 0.667857 0.050714 0.073571 0.006429 0.201429 
303.500000 0.665000 0.055000 0.072143 0.005714 0.202143 
304.000000 0.661429 0.057143 0.075000 0.005000 0.201429 
304.500000 0.662143 0.057143 0.076429 0.002857 0.201429 
305.000000 0.657857 0.061429 0.076429 0.002857 0.201429 
305.500000 0.660714 0.058571 0.075714 0.003571 0.201429 
306.000000 0.662143 0.057143 0.076429 0.002857 0.201429 
306.500000 0.667857 0.051429 0.075000 0.003571 0.202143 
307.000000 0.667143 0.051429 0.074286 0.005714 0.201429 
307.500000 0.665000 0.054286 0.073571 0.004286 0.202857 
308.000000 0.663571 0.055714 0.075000 0.003571 0.202143 
308.500000 0.663571 0.055714 0.074286 0.002857 0.203571 
309.000000 0.666429 0.052857 0.074286 0.003571 0.202857 
309.500000 0.658571 0.060714 0.075000 0.002857 0.202857 
310.000000 0.668571 0.051429 0.075000 0.002857 0.202143 
310.500000 0.667143 0.053571 0.074286 0.002857 0.202143 
311.000000 0.667857 0.052857 0.072143 0.005000 0.202143 
311.500000 0.667143 0.053571 0.074286 0.002857 0.202143 
312.000000 0.672143 0.048571 0.073571 0.002857 0.202857 
312.500000 0.669286 0.050000 0.073571 0.005000 0.202143 
313.000000 0.670000 0.050000 0.074286 0.003571 0.202143 
313.500000 0.665000 0.054286 0.073571 0.005000 0.202143 
314.000000 0.667143 0.052857 0.074286 0.003571 0.202143 
314.500000 0.662143 0.057857 0.074286 0.003571 0.202143 
315.000000 0.664286 0.055000 0.073571 0.005000 0.202143 
315.500000 0.670714 0.047857 0.075000 0.005000 0.201429 
316.000000 0.660714 0.058571 0.073571 0.005000 0.202143 
316.500000 0.664286 0.055000 0.074286 0.005000 0.201429 
317.000000 0.667857 0.052143 0.074286 0.004286 0.201429 
317.500000 0.662857 0.057143 0.074286 0.004286 0.201429 
318.000000 0.658571 0.061429 0.073571 0.004286 0.202143 
318.500000 0.660714 0.059286 0.073571 0.004286 0.202143 
319.000000 0.657143 0.062857 0.073571 0.004286 0.202143 
319.500000 0.662143 0.058571 0.072857 0.004286 0.202143 
320.000000 0.657857 0.062857 0.072143 0.005000 0.202143 
320.500000 0.654286 0.066429 0.072857 0.004286 0.202143 
321.000000 0.660000 0.060714 0.072857 0.003571 0.202857 
321.500000 0.655714 0.064286 0.073571 0.004286 0.202143 
322.000000 0.663571 0.056429 0.072857 0.004286 0.202857 
322.500000 0.652857 0.067857 0.072857 0.005000 0.201429 
323.000000 0.660000 0.060714 0.071429 0.005000 0.202857 
323.500000 0.657857 0.062143 0.070714 0.005714 0.203571 
324.000000 0.655714 0.064286 0.072143 0.004286 0.203571 
324.500000 0.654286 0.066429 0.072143 0.003571 0.203571 
325.000000 0.657857 0.064286 0.069286 0.005000 0.203571 
325.500000 0.655000 0.067143 0.072143 0.002857 0.202857 
326.000000 0.662143 0.060000 0.071429 0.002143 0.204286 
326.500000 0.659286 0.062143 0.072143 0.002143 0.204286 
327.000000 0.659286 0.063571 0.071429 0.002143 0.203571 
327.500000 0.660000 0.062857 0.071429 0.002143 0.203571 
328.000000 0.668571 0.054286 0.071429 0.002143 0.203571 
328.500000 0.659286 0.063571 0.070714 0.002857 0.203571 
329.000000 0.661429 0.062143 0.070714 0.002143 0.203571 
329.500000 0.661429 0.061429 0.070000 0.003571 0.203571 
330.000000 0.664286 0.060000 0.067857 0.003571 0.204286 
330.500000 0.662143 0.061429 0.067857 0.004286 0.204286 
331.000000 0.657857 0.065714 0.068571 0.003571 0.204286 
331.500000 0.664286 0.060714 0.067857 0.002857 0.204286 
332.000000 0.670000 0.054286 0.068571 0.002857 0.204286 
332.500000 0.671429 0.053571 0.069286 0.001429 0.204286 
333.000000 0.666429 0.058571 0.068571 0.002143 0.204286 
333.500000 0.666429 0.059286 0.067143 0.002857 0.204286 
334.000000 0.665000 0.060000 0.068571 0.002143 0.204286 
334.500000 0.666429 0.057857 0.069286 0.002857 0.203571 
335.000000 0.665714 0.060000 0.066429 0.003571 0.204286 
335.500000 0.659286 0.066429 0.065714 0.003571 0.205000 
336.000000 0.662857 0.062857 0.065714 0.003571 0.205000 
336.500000 0.667857 0.057857 0.067143 0.002143 0.205000 
337.000000 0.664286 0.060000 0.067857 0.002857 0.205000 
337.500000 0.667143 0.058571 0.068571 0.002143 0.203571 
338.000000 0.667143 0.057857 0.068571 0.002143 0.204286 
338.500000 0.661429 0.062143 0.068571 0.002857 0.205000 
339.000000 0.662143 0.062857 0.067857 0.002143 0.205000 
339.500000 0.658571 0.066429 0.067143 0.002143 0.205714 
340.000000 0.662857 0.062143 0.065714 0.002857 0.206429 
340.500000 0.668571 0.056429 0.067143 0.002143 0.205714 
341.000000 0.662143 0.062857 0.066429 0.002143 0.206429 
341.500000 0.664286 0.060714 0.067143 0.002143 0.205714 
342.000000 0.657857 0.067143 0.067143 0.000714 0.207143 
342.500000 0.665000 0.060000 0.067143 0.000714 0.207143 
343.000000 0.670000 0.055000 0.067143 0.000714 0.207143 
343.500000 0.665000 0.060000 0.067143 0.000714 0.207143 
344.000000 0.668571 0.056429 0.067143 0.000714 0.207143 
344.500000 0.661429 0.063571 0.067143 0.000714 0.207143 
345.000000 0.662143 0.063571 0.065000 0.001429 0.207857 
345.500000 0.662857 0.063571 0.064286 0.000714 0.208571 
346.000000 0.671429 0.055000 0.062857 0.002857 0.207857 
346.500000 0.672143 0.054286 0.065000 0.001429 0.207143 
347.000000 0.673571 0.052857 0.064286 0.001429 0.207857 
347.500000 0.677143 0.049286 0.064286 0.001429 0.207857 
348.000000 0.670000 0.057143 0.062857 0.001429 0.208571 
348.500000 0.675714 0.051429 0.061429 0.002143 0.209286 
349.000000 0.672857 0.054286 0.062143 0.001429 0.209286 
349.500000 0.674286 0.052857 0.060714 0.001429 0.210714 
350.000000 0.669286 0.057857 0.060714 0.002143 0.210000 
350.500000 0.669286 0.057857 0.060000 0.002143 0.210714 
351.000000 0.669286 0.057857 0.061429 0.001429 0.210000 
351.500000 0.670000 0.057143 0.060714 0.001429 0.210714 
352.000000 0.675000 0.052143 0.060714 0.001429 0.210714 
