0.000000 0.480500 0.087000 0.259000 0.166000 0.007500 
0.500000 0.469000 0.100500 0.255000 0.168000 0.007500 
1.000000 0.472000 0.096500 0.263500 0.160500 0.007500 
1.500000 0.469500 0.100000 0.256000 0.167000 0.007500 
2.000000 0.479000 0.090500 0.257500 0.165500 0.007500 
2.500000 0.478500 0.091500 0.260000 0.162000 0.008000 
3.000000 0.474500 0.096500 0.257000 0.164000 0.008000 
3.500000 0.459000 0.111000 0.256000 0.165500 0.008500 
4.000000 0.460000 0.110500 0.250500 0.170500 0.008500 
4.500000 0.462000 0.107000 0.256000 0.166500 0.008500 
5.000000 0.460500 0.108500 0.249500 0.173000 0.008500 
5.500000 0.461500 0.109500 0.255000 0.165500 0.008500 
6.000000 0.457500 0.113000 0.257500 0.163500 0.008500 
6.500000 0.447500 0.126500 0.254500 0.162500 0.009000 
7.000000 0.443500 0.129500 0.253500 0.162500 0.011000 
7.500000 0.434000 0.143500 0.254000 0.157000 0.011500 
8.000000 0.437000 0.143000 0.256000 0.151000 0.013000 
8.500000 0.428000 0.151000 0.258500 0.148000 0.014500 
9.000000 0.420000 0.164000 0.257500 0.140500 0.018000 
9.500000 0.416500 0.168500 0.257000 0.138000 0.020000 
10.000000 0.419500 0.170500 0.260500 0.128500 0.021000 
10.500000 0.423500 0.168000 0.257500 0.128500 0.022500 
11.000000 0.418000 0.176000 0.266500 0.116000 0.023500 
11.500000 0.416500 0.177500 0.264000 0.115500 0.026500 
12.000000 0.431500 0.166500 0.256000 0.115500 0.030500 
12.500000 0.434500 0.165000 0.260000 0.108000 0.032500 
13.000000 0.438000 0.166500 0.256500 0.104500 0.034500 
13.500000 0.440000 0.169000 0.258500 0.095500 0.037000 
14.000000 0.446500 0.163000 0.257000 0.095000 0.038500 
14.500000 0.451500 0.160000 0.258500 0.090000 0.040000 
15.000000 0.453000 0.161000 0.258500 0.086500 0.041000 
15.500000 0.456000 0.159000 0.260000 0.083000 0.042000 
16.000000 0.461000 0.155000 0.260000 0.080000 0.044000 
16.500000 0.466000 0.150500 0.261000 0.077000 0.045500 
17.000000 0.466000 0.151500 0.264000 0.071500 0.047000 
17.500000 0.473000 0.146000 0.263000 0.069000 0.049000 
18.000000 0.473500 0.148000 0.262500 0.067000 0.049000 
18.500000 0.482500 0.138500 0.260000 0.068000 0.051000 
19.000000 0.481500 0.141500 0.259000 0.066000 0.052000 
19.500000 0.489500 0.135000 0.257000 0.065500 0.053000 
20.000000 0.486000 0.137500 0.258500 0.064000 0.054000 
20.500000 0.493000 0.132000 0.256500 0.061500 0.057000 
21.000000 0.500000 0.127000 0.254000 0.061500 0.057500 
21.500000 0.500000 0.128500 0.252500 0.061000 0.058000 
22.000000 0.501000 0.126500 0.255500 0.058000 0.059000 
22.500000 0.500500 0.127000 0.255500 0.057000 0.060000 
23.000000 0.499500 0.126500 0.257000 0.056000 0.061000 
23.500000 0.512500 0.118000 0.252000 0.054500 0.063000 
24.000000 0.510500 0.118500 0.259500 0.048500 0.063000 
24.500000 0.510500 0.120000 0.258500 0.048500 0.062500 
25.000000 0.519500 0.112500 0.258000 0.047500 0.062500 
25.500000 0.520500 0.109000 0.259500 0.048000 0.063000 
26.000000 0.520500 0.111000 0.255500 0.049000 0.064000 
26.500000 0.526500 0.106500 0.255500 0.047000 0.064500 
27.000000 0.520500 0.113500 0.255000 0.045000 0.066000 
27.500000 0.525500 0.107500 0.254500 0.046500 0.066000 
28.000000 0.524500 0.110500 0.255000 0.043000 0.067000 
28.500000 0.521500 0.115500 0.252000 0.042500 0.068500 
29.000000 0.523000 0.113000 0.251000 0.044000 0.069000 
29.500000 0.525000 0.111000 0.255500 0.039000 0.069500 
30.000000 0.531000 0.107000 0.253500 0.039000 0.069500 
30.500000 0.532500 0.106500 0.254000 0.035500 0.071500 
31.000000 0.535500 0.102500 0.254000 0.037000 0.071000 
31.500000 0.534000 0.106000 0.250000 0.037000 0.073000 
32.000000 0.536000 0.104500 0.250500 0.034500 0.074500 
32.500000 0.537500 0.102500 0.248500 0.037500 0.074000 
33.000000 0.544500 0.099000 0.247500 0.035000 0.074000 
33.500000 0.541000 0.102500 0.249500 0.032000 0.075000 
34.000000 0.541500 0.103000 0.246500 0.034000 0.075000 
34.500000 0.549000 0.095000 0.246000 0.033500 0.076500 
35.000000 0.553500 0.092000 0.242500 0.036500 0.075500 
35.500000 0.552500 0.096000 0.242000 0.033000 0.076500 
36.000000 0.557000 0.090500 0.244000 0.032500 0.076000 
36.500000 0.562000 0.086500 0.246500 0.028000 0.077000 
37.000000 0.564000 0.086000 0.243500 0.028500 0.078000 
37.500000 0.557500 0.090500 0.242000 0.031000 0.079000 
38.000000 0.559000 0.091500 0.239000 0.030500 0.080000 
38.500000 0.558500 0.090000 0.241000 0.030000 0.080500 
39.000000 0.561500 0.088500 0.240500 0.029000 0.080500 
39.500000 0.563500 0.089000 0.238500 0.028000 0.081000 
40.000000 0.563000 0.091500 0.239000 0.025500 0.081000 
40.500000 0.565000 0.089500 0.237000 0.027000 0.081500 
41.000000 0.567500 0.087000 0.238000 0.026000 0.081500 
41.500000 0.566500 0.087500 0.236000 0.028000 0.082000 
42.000000 0.571000 0.083000 0.239000 0.025000 0.082000 
42.500000 0.570000 0.085000 0.239000 0.024000 0.082000 
43.000000 0.578000 0.078500 0.237500 0.023500 0.082500 
43.500000 0.577000 0.078500 0.235500 0.026000 0.083000 
44.000000 0.574500 0.082000 0.238000 0.022000 0.083500 
44.500000 0.579500 0.079000 0.234500 0.022000 0.085000 
45.000000 0.578000 0.081000 0.234000 0.021000 0.086000 
45.500000 0.579000 0.080000 0.235000 0.020000 0.086000 
46.000000 0.572500 0.086500 0.232500 0.021000 0.087500 
46.500000 0.576000 0.084000 0.231000 0.021500 0.087500 
47.000000 0.583000 0.078500 0.231500 0.019000 0.088000 
47.500000 0.586000 0.077000 0.231000 0.017500 0.088500 
48.000000 0.586500 0.074500 0.230000 0.019500 0.089500 
48.500000 0.588000 0.073500 0.231000 0.018500 0.089000 
49.000000 0.588000 0.073500 0.228500 0.020500 0.089500 
49.500000 0.586500 0.074500 0.230000 0.019500 0.089500 
50.000000 0.586500 0.075500 0.230000 0.018500 0.089500 
50.500000 0.590500 0.071500 0.228500 0.019000 0.090500 
51.000000 0.589500 0.073500 0.227500 0.019000 0.090500 
51.500000 0.588500 0.074500 0.225500 0.019500 0.092000 
52.000000 0.589500 0.072500 0.225500 0.019500 0.093000 
52.500000 0.591000 0.072500 0.225000 0.018000 0.093500 
53.000000 0.590000 0.073000 0.225500 0.017500 0.094000 
53.500000 0.587500 0.077000 0.224500 0.016000 0.095000 
54.000000 0.589000 0.076000 0.224000 0.015500 0.095500 
54.500000 0.593000 0.073000 0.225500 0.013000 0.095500 
55.000000 0.588000 0.077500 0.223500 0.015500 0.095500 
55.500000 0.590500 0.075500 0.223500 0.014500 0.096000 
56.000000 0.583000 0.083000 0.221500 0.015500 0.097000 
56.500000 0.593500 0.073500 0.221000 0.014500 0.097500 
57.000000 0.588500 0.078500 0.220000 0.017000 0.096000 
57.500000 0.592000 0.075500 0.219500 0.016500 0.096500 
58.000000 0.593500 0.076000 0.218500 0.015000 0.097000 
58.500000 0.601500 0.068000 0.220000 0.014000 0.096500 
59.000000 0.601500 0.067000 0.218500 0.016000 0.097000 
59.500000 0.593500 0.075500 0.218500 0.016000 0.096500 
60.000000 0.603500 0.067500 0.217000 0.015500 0.096500 
60.500000 0.599500 0.070500 0.217000 0.015000 0.098000 
61.000000 0.603500 0.065500 0.216500 0.016500 0.098000 
61.500000 0.602000 0.067000 0.216000 0.017000 0.098000 
62.000000 0.602000 0.067500 0.216500 0.016000 0.098000 
62.500000 0.601000 0.068500 0.216500 0.014500 0.099500 
63.000000 0.605500 0.063500 0.215500 0.016500 0.099000 
63.500000 0.604500 0.065500 0.216500 0.015500 0.098000 
64.000000 0.597000 0.072500 0.218500 0.013500 0.098500 
64.500000 0.599000 0.070000 0.218000 0.013500 0.099500 
65.000000 0.600500 0.069500 0.215000 0.016000 0.099000 
65.500000 0.602500 0.068000 0.213500 0.017000 0.099000 
66.000000 0.595500 0.074000 0.215500 0.016500 0.098500 
66.500000 0.596000 0.074500 0.215500 0.016000 0.098000 
67.000000 0.597000 0.074500 0.215000 0.014500 0.099000 
67.500000 0.604500 0.066500 0.214500 0.015500 0.099000 
68.000000 0.602500 0.069000 0.214000 0.015500 0.099000 
68.500000 0.601500 0.069500 0.216500 0.013500 0.099000 
69.000000 0.600000 0.070000 0.217000 0.013000 0.100000 
69.500000 0.606500 0.063000 0.217000 0.013500 0.100000 
70.000000 0.613000 0.058000 0.214500 0.014000 0.100500 
70.500000 0.607000 0.064500 0.214000 0.014000 0.100500 
71.000000 0.609000 0.062500 0.212500 0.015000 0.101000 
71.500000 0.600000 0.071500 0.213000 0.014500 0.101000 
72.000000 0.611000 0.061000 0.213000 0.013500 0.101500 
72.500000 0.607500 0.064000 0.213000 0.014000 0.101500 
73.000000 0.602000 0.069500 0.213000 0.013500 0.102000 
73.500000 0.609000 0.064000 0.211500 0.013500 0.102000 
74.000000 0.605500 0.067000 0.212500 0.012500 0.102500 
74.500000 0.607000 0.065500 0.213000 0.012000 0.102500 
75.000000 0.606000 0.067000 0.213000 0.011500 0.102500 
75.500000 0.605000 0.068000 0.213000 0.011000 0.103000 
76.000000 0.607000 0.066000 0.213000 0.011000 0.103000 
76.500000 0.610000 0.064000 0.210500 0.012000 0.103500 
77.000000 0.611000 0.063500 0.211500 0.010500 0.103500 
77.500000 0.612000 0.062500 0.212000 0.010000 0.103500 
78.000000 0.613500 0.060500 0.210000 0.012000 0.104000 
78.500000 0.618000 0.056000 0.209500 0.012500 0.104000 
79.000000 0.620000 0.055000 0.208500 0.013000 0.103500 
79.500000 0.617000 0.058500 0.209000 0.012500 0.103000 
80.000000 0.619000 0.056000 0.206500 0.014000 0.104500 
80.500000 0.619500 0.056000 0.205500 0.014000 0.105000 
81.000000 0.616000 0.059000 0.205000 0.014000 0.106000 
81.500000 0.617500 0.058500 0.206000 0.012000 0.106000 
82.000000 0.615500 0.060000 0.206500 0.011500 0.106500 
82.500000 0.619500 0.056000 0.204500 0.013000 0.107000 
83.000000 0.616500 0.059500 0.204500 0.012000 0.107500 
83.500000 0.622500 0.055000 0.201000 0.013500 0.108000 
84.000000 0.621500 0.055500 0.203000 0.012000 0.108000 
84.500000 0.621500 0.056500 0.203000 0.010500 0.108500 
85.000000 0.620000 0.056500 0.203000 0.012000 0.108500 
85.500000 0.620500 0.057000 0.200000 0.014000 0.108500 
86.000000 0.624000 0.053000 0.200000 0.013500 0.109500 
86.500000 0.624500 0.051500 0.199500 0.015000 0.109500 
87.000000 0.620500 0.056000 0.201500 0.012500 0.109500 
87.500000 0.620500 0.055500 0.199500 0.014500 0.110000 
88.000000 0.624500 0.052000 0.198500 0.015000 0.110000 
88.500000 0.626000 0.051500 0.197500 0.015000 0.110000 
89.000000 0.628500 0.049000 0.199000 0.014000 0.109500 
89.500000 0.626500 0.051000 0.198500 0.013500 0.110500 
90.000000 0.631000 0.047500 0.197500 0.014000 0.110000 
90.500000 0.632000 0.046500 0.197000 0.014000 0.110500 
91.000000 0.631500 0.047500 0.198000 0.011500 0.111500 
91.500000 0.632500 0.047500 0.196000 0.013000 0.111000 
92.000000 0.634000 0.045500 0.195000 0.013500 0.112000 
92.500000 0.634500 0.046500 0.196000 0.010500 0.112500 
93.000000 0.634500 0.047000 0.195500 0.009500 0.113500 
93.500000 0.632000 0.051500 0.194000 0.009500 0.113000 
94.000000 0.634500 0.049000 0.193000 0.008500 0.115000 
94.500000 0.634000 0.049000 0.193000 0.008500 0.115500 
95.000000 0.633500 0.049000 0.191500 0.009500 0.116500 
95.500000 0.628500 0.054500 0.190500 0.009500 0.117000 
96.000000 0.626000 0.057500 0.192500 0.008000 0.116000 
96.500000 0.624500 0.059500 0.190000 0.009000 0.117000 
97.000000 0.622500 0.060000 0.189500 0.011000 0.117000 
97.500000 0.628000 0.055000 0.191500 0.009000 0.116500 
98.000000 0.628000 0.056500 0.191000 0.008500 0.116000 
98.500000 0.626500 0.058000 0.190000 0.008500 0.117000 
99.000000 0.630500 0.054000 0.190000 0.008500 0.117000 
99.500000 0.630500 0.054500 0.190000 0.008000 0.117000 
100.000000 0.628000 0.057500 0.188000 0.009000 0.117500 
100.500000 0.633000 0.052000 0.188000 0.009000 0.118000 
101.000000 0.635500 0.049000 0.187000 0.008500 0.120000 
101.500000 0.630000 0.054500 0.184500 0.010500 0.120500 
102.000000 0.632000 0.052500 0.184500 0.011500 0.119500 
102.500000 0.636000 0.050000 0.184000 0.010000 0.120000 
103.000000 0.632000 0.053000 0.182000 0.012000 0.121000 
103.500000 0.628000 0.057000 0.185000 0.009000 0.121000 
104.000000 0.629500 0.055500 0.186000 0.007500 0.121500 
104.500000 0.631000 0.054000 0.185500 0.008000 0.121500 
105.000000 0.633500 0.051000 0.185500 0.008500 0.121500 
105.500000 0.626000 0.058500 0.182500 0.011500 0.121500 
106.000000 0.632500 0.052500 0.183500 0.010500 0.121000 
106.500000 0.631000 0.054000 0.184500 0.009500 0.121000 
107.000000 0.632000 0.054000 0.185000 0.007500 0.121500 
107.500000 0.630500 0.056000 0.182000 0.009000 0.122500 
108.000000 0.628000 0.057500 0.183000 0.008500 0.123000 
108.500000 0.630000 0.054500 0.184500 0.008000 0.123000 
109.000000 0.625000 0.060500 0.181000 0.010000 0.123500 
109.500000 0.632000 0.052500 0.180500 0.011000 0.124000 
110.000000 0.632500 0.053500 0.183000 0.008000 0.123000 
110.500000 0.630000 0.056000 0.181500 0.009000 0.123500 
111.000000 0.627500 0.057500 0.181500 0.009000 0.124500 
111.500000 0.625500 0.060500 0.182500 0.007000 0.124500 
112.000000 0.627500 0.059500 0.183500 0.005500 0.124000 
112.500000 0.630000 0.057000 0.182500 0.006000 0.124500 
113.000000 0.627000 0.059000 0.182500 0.007000 0.124500 
113.500000 0.627500 0.058500 0.181000 0.008500 0.124500 
114.000000 0.626500 0.060000 0.180500 0.007000 0.126000 
114.500000 0.624000 0.061500 0.181500 0.007500 0.125500 
115.000000 0.633000 0.053500 0.181000 0.008000 0.124500 
115.500000 0.628500 0.058500 0.178000 0.009000 0.126000 
116.000000 0.631500 0.055500 0.179000 0.007500 0.126500 
116.500000 0.636500 0.052000 0.177000 0.007500 0.127000 
117.000000 0.634000 0.055500 0.177500 0.006000 0.127000 
117.500000 0.630500 0.059000 0.176500 0.007000 0.127000 
118.000000 0.629500 0.058000 0.177000 0.008500 0.127000 
118.500000 0.630000 0.058000 0.177500 0.007000 0.127500 
119.000000 0.631000 0.058000 0.175500 0.008000 0.127500 
119.500000 0.634000 0.055000 0.177500 0.006000 0.127500 
120.000000 0.626500 0.063500 0.174500 0.007500 0.128000 
120.500000 0.630000 0.059500 0.173500 0.009000 0.128000 
121.000000 0.634500 0.055000 0.173500 0.008500 0.128500 
121.500000 0.631500 0.059000 0.172500 0.008000 0.129000 
122.000000 0.633500 0.057500 0.172000 0.007500 0.129500 
122.500000 0.633000 0.058500 0.171000 0.008000 0.129500 
123.000000 0.634000 0.059000 0.170000 0.007500 0.129500 
123.500000 0.634000 0.059500 0.167000 0.009500 0.130000 
124.000000 0.636000 0.057000 0.168500 0.008500 0.130000 
124.500000 0.630000 0.063500 0.168000 0.008500 0.130000 
125.000000 0.632500 0.061000 0.169000 0.007500 0.130000 
125.500000 0.636500 0.058000 0.165000 0.010000 0.130500 
126.000000 0.634500 0.059500 0.167000 0.009000 0.130000 
126.500000 0.639500 0.054500 0.167500 0.008500 0.130000 
127.000000 0.637500 0.056500 0.167500 0.008500 0.130000 
127.500000 0.640000 0.054000 0.168000 0.007500 0.130500 
128.000000 0.635000 0.060000 0.167000 0.007500 0.130500 
128.500000 0.637000 0.057500 0.167000 0.008500 0.130000 
129.000000 0.642500 0.053000 0.166500 0.007500 0.130500 
129.500000 0.640000 0.056000 0.165500 0.008000 0.130500 
130.000000 0.637500 0.057500 0.168500 0.006000 0.130500 
130.500000 0.635500 0.060500 0.167000 0.006000 0.131000 
131.000000 0.634500 0.062000 0.166000 0.006500 0.131000 
131.500000 0.636000 0.060000 0.168000 0.005500 0.130500 
132.000000 0.638500 0.058000 0.165000 0.008000 0.130500 
132.500000 0.641500 0.055500 0.165000 0.007500 0.130500 
133.000000 0.640000 0.057000 0.163500 0.008500 0.131000 
133.500000 0.638000 0.059000 0.162500 0.009500 0.131000 
134.000000 0.637000 0.059000 0.164000 0.009500 0.130500 
134.500000 0.638500 0.059000 0.162500 0.009500 0.130500 
135.000000 0.636500 0.060000 0.165500 0.008000 0.130000 
135.500000 0.636500 0.059500 0.164000 0.009000 0.131000 
136.000000 0.629000 0.067500 0.163500 0.008500 0.131500 
136.500000 0.631000 0.065500 0.164500 0.007000 0.132000 
137.000000 0.630000 0.067000 0.163500 0.007000 0.132500 
137.500000 0.633500 0.064000 0.161000 0.008000 0.133500 
138.000000 0.631500 0.065500 0.162500 0.007000 0.133500 
138.500000 0.627000 0.070500 0.161500 0.006500 0.134500 
139.000000 0.632000 0.066000 0.161000 0.006500 0.134500 
139.500000 0.631500 0.066500 0.159500 0.007500 0.135000 
140.000000 0.633500 0.064000 0.160000 0.007500 0.135000 
140.500000 0.637500 0.059500 0.159000 0.008000 0.136000 
141.000000 0.639500 0.058000 0.158000 0.008000 0.136500 
141.500000 0.632000 0.064500 0.158500 0.007500 0.137500 
142.000000 0.632000 0.066500 0.157500 0.007000 0.137000 
142.500000 0.634500 0.063500 0.156000 0.008000 0.138000 
143.000000 0.632500 0.064500 0.155000 0.009500 0.138500 
143.500000 0.636000 0.061500 0.155500 0.008500 0.138500 
144.000000 0.637500 0.061500 0.155500 0.007000 0.138500 
144.500000 0.645000 0.054000 0.155000 0.007000 0.139000 
145.000000 0.647500 0.051500 0.153000 0.008000 0.140000 
145.500000 0.643500 0.055500 0.152500 0.009500 0.139000 
146.000000 0.643000 0.056000 0.152500 0.008000 0.140500 
146.500000 0.638500 0.060000 0.153000 0.008000 0.140500 
147.000000 0.640500 0.058000 0.152500 0.008500 0.140500 
147.500000 0.638000 0.060500 0.153500 0.007500 0.140500 
148.000000 0.640000 0.059500 0.151500 0.008000 0.141000 
148.500000 0.633500 0.066000 0.152000 0.008000 0.140500 
149.000000 0.639500 0.060000 0.151000 0.007000 0.142500 
149.500000 0.640000 0.060000 0.148500 0.009000 0.142500 
150.000000 0.638000 0.063000 0.149000 0.008000 0.142000 
150.500000 0.643000 0.057500 0.148500 0.008000 0.143000 
151.000000 0.642000 0.058500 0.148500 0.008000 0.143000 
151.500000 0.638000 0.062500 0.149500 0.007000 0.143000 
152.000000 0.641000 0.061000 0.147500 0.007500 0.143000 
152.500000 0.640000 0.061500 0.147000 0.007000 0.144500 
153.000000 0.639500 0.063500 0.148000 0.004500 0.144500 
153.500000 0.640500 0.062500 0.148500 0.003500 0.145000 
154.000000 0.638500 0.064000 0.148000 0.005500 0.144000 
154.500000 0.639500 0.063500 0.145500 0.007500 0.144000 
155.000000 0.633000 0.070000 0.145500 0.007000 0.144500 
155.500000 0.634000 0.069000 0.146000 0.006000 0.145000 
156.000000 0.636500 0.066500 0.144000 0.007000 0.146000 
156.500000 0.637500 0.064000 0.143500 0.008500 0.146500 
157.000000 0.639500 0.063000 0.145000 0.007000 0.145500 
157.500000 0.635000 0.067000 0.143500 0.007500 0.147000 
158.000000 0.635000 0.068000 0.144000 0.006500 0.146500 
158.500000 0.635000 0.069000 0.144500 0.005000 0.146500 
159.000000 0.634000 0.070500 0.142000 0.007000 0.146500 
159.500000 0.628000 0.075000 0.143000 0.007500 0.146500 
160.000000 0.632000 0.071000 0.144000 0.006500 0.146500 
160.500000 0.635000 0.070000 0.141500 0.007000 0.146500 
161.000000 0.634500 0.069500 0.142000 0.007000 0.147000 
161.500000 0.636500 0.067000 0.142500 0.005500 0.148500 
162.000000 0.630000 0.073500 0.143000 0.005500 0.148000 
162.500000 0.629000 0.075000 0.140500 0.007500 0.148000 
163.000000 0.628500 0.075500 0.142000 0.006500 0.147500 
163.500000 0.635000 0.069500 0.141000 0.007000 0.147500 
164.000000 0.642000 0.063000 0.141000 0.006500 0.147500 
164.500000 0.641500 0.062500 0.141500 0.005500 0.149000 
165.000000 0.645500 0.058500 0.141500 0.005500 0.149000 
165.500000 0.641500 0.062500 0.141000 0.006000 0.149000 
166.000000 0.639500 0.064500 0.141000 0.006000 0.149000 
166.500000 0.641500 0.063000 0.142000 0.004500 0.149000 
167.000000 0.637500 0.067000 0.142000 0.004500 0.149000 
167.500000 0.635000 0.069500 0.139000 0.006500 0.150000 
168.000000 0.640500 0.063000 0.140000 0.006500 0.150000 
168.500000 0.641000 0.063000 0.139500 0.006000 0.150500 
169.000000 0.643500 0.060500 0.141000 0.005500 0.149500 
169.500000 0.645000 0.059000 0.141000 0.005000 0.150000 
170.000000 0.647000 0.058500 0.140000 0.004500 0.150000 
170.500000 0.646000 0.059500 0.139500 0.004500 0.150500 
171.000000 0.644500 0.060500 0.139000 0.005500 0.150500 
171.500000 0.645000 0.060000 0.139500 0.005000 0.150500 
172.000000 0.641500 0.064000 0.138500 0.006000 0.150000 
172.500000 0.642500 0.062000 0.139000 0.006000 0.150500 
173.000000 0.635000 0.069500 0.138000 0.006500 0.151000 
173.500000 0.638500 0.066000 0.138500 0.006500 0.150500 
174.000000 0.638500 0.066000 0.138000 0.007000 0.150500 
174.500000 0.633500 0.071500 0.138000 0.006000 0.151000 
175.000000 0.633500 0.072000 0.139000 0.006000 0.149500 
175.500000 0.630000 0.075000 0.140000 0.004500 0.150500 
176.000000 0.637500 0.067500 0.138500 0.005500 0.151000 
176.500000 0.638500 0.067000 0.138000 0.005000 0.151500 
177.000000 0.637500 0.068500 0.136500 0.005500 0.152000 
177.500000 0.638500 0.067500 0.134000 0.006000 0.154000 
178.000000 0.641000 0.064000 0.135000 0.006000 0.154000 
178.500000 0.637500 0.068000 0.134500 0.006000 0.154000 
179.000000 0.638000 0.067000 0.134500 0.006500 0.154000 
179.500000 0.638000 0.066000 0.135500 0.005500 0.155000 
180.000000 0.639500 0.065500 0.135500 0.005000 0.154500 
180.500000 0.636500 0.071000 0.132000 0.006000 0.154500 
181.000000 0.641000 0.066500 0.131000 0.006500 0.155000 
181.500000 0.645500 0.062000 0.131500 0.006000 0.155000 
182.000000 0.640000 0.068500 0.129500 0.007500 0.154500 
182.500000 0.642500 0.065500 0.129500 0.007500 0.155000 
183.000000 0.643500 0.065500 0.128000 0.008000 0.155000 
183.500000 0.642500 0.065500 0.129000 0.007000 0.156000 
184.000000 0.642000 0.066500 0.129000 0.006000 0.156500 
184.500000 0.642500 0.065000 0.128000 0.007500 0.157000 
185.000000 0.642500 0.066500 0.126500 0.006500 0.158000 
185.500000 0.644500 0.064500 0.125500 0.007000 0.158500 
186.000000 0.639500 0.069000 0.126000 0.007000 0.158500 
186.500000 0.636000 0.073000 0.125000 0.006500 0.159500 
187.000000 0.645000 0.064000 0.125000 0.006000 0.160000 
187.500000 0.643500 0.066500 0.123500 0.006500 0.160000 
188.000000 0.642500 0.067000 0.125000 0.005500 0.160000 
188.500000 0.645500 0.065000 0.124500 0.005500 0.159500 
189.000000 0.643000 0.066500 0.123500 0.006500 0.160500 
189.500000 0.642500 0.067500 0.122500 0.007500 0.160000 
190.000000 0.644000 0.066500 0.122000 0.007000 0.160500 
190.500000 0.646000 0.065000 0.122500 0.006500 0.160000 
191.000000 0.645500 0.066500 0.122500 0.005500 0.160000 
191.500000 0.648500 0.063500 0.121500 0.006000 0.160500 
192.000000 0.651000 0.061000 0.122500 0.005000 0.160500 
192.500000 0.649500 0.062500 0.122000 0.005500 0.160500 
193.000000 0.653500 0.059000 0.121500 0.005500 0.160500 
193.500000 0.650000 0.063000 0.120500 0.006000 0.160500 
194.000000 0.648500 0.064000 0.119500 0.006500 0.161500 
194.500000 0.652000 0.060000 0.120500 0.005000 0.162500 
195.000000 0.646500 0.065500 0.120500 0.005500 0.162000 
195.500000 0.652000 0.060000 0.120500 0.005500 0.162000 
196.000000 0.654500 0.058000 0.119500 0.005500 0.162500 
196.500000 0.655500 0.057500 0.118000 0.005500 0.163500 
197.000000 0.653000 0.060500 0.117000 0.006000 0.163500 
197.500000 0.649000 0.063500 0.115500 0.007000 0.165000 
198.000000 0.650500 0.060500 0.119000 0.005000 0.165000 
198.500000 0.659500 0.054000 0.116000 0.005500 0.165000 
199.000000 0.652000 0.061500 0.116500 0.005000 0.165000 
199.500000 0.658000 0.056500 0.115000 0.005000 0.165500 
200.000000 0.657500 0.056500 0.113500 0.006500 0.166000 
200.500000 0.657000 0.056500 0.114000 0.006500 0.166000 
201.000000 0.661500 0.052500 0.114000 0.006500 0.165500 
201.500000 0.658500 0.055500 0.115000 0.004500 0.166500 
202.000000 0.660000 0.054000 0.114000 0.005500 0.166500 
202.500000 0.656500 0.057500 0.115000 0.004500 0.166500 
203.000000 0.662000 0.052500 0.112500 0.006500 0.166500 
203.500000 0.657000 0.058500 0.111000 0.007000 0.166500 
204.000000 0.661500 0.055000 0.109500 0.006000 0.168000 
204.500000 0.657500 0.059000 0.110500 0.006500 0.166500 
205.000000 0.667000 0.049000 0.110500 0.007000 0.166500 
205.500000 0.665500 0.050000 0.111500 0.006000 0.167000 
206.000000 0.664000 0.052000 0.111000 0.006500 0.166500 
206.500000 0.661000 0.055000 0.111500 0.005000 0.167500 
207.000000 0.658500 0.057000 0.113000 0.004000 0.167500 
207.500000 0.665000 0.050500 0.114000 0.003500 0.167000 
208.000000 0.658000 0.057500 0.112500 0.004500 0.167500 
208.500000 0.660500 0.055500 0.112500 0.004500 0.167000 
209.000000 0.659000 0.057000 0.111000 0.005500 0.167500 
209.500000 0.662000 0.053500 0.112000 0.004500 0.168000 
210.000000 0.657000 0.058500 0.112000 0.005000 0.167500 
210.500000 0.655500 0.059500 0.111500 0.006000 0.167500 
211.000000 0.656000 0.060000 0.110000 0.006500 0.167500 
211.500000 0.654000 0.062000 0.110500 0.005500 0.168000 
212.000000 0.650000 0.065000 0.109500 0.006500 0.169000 
212.500000 0.659000 0.057000 0.109000 0.006000 0.169000 
213.000000 0.656000 0.060500 0.108500 0.006000 0.169000 
213.500000 0.655500 0.060500 0.110000 0.005000 0.169000 
214.000000 0.654500 0.061500 0.109500 0.005000 0.169500 
214.500000 0.653500 0.063000 0.109000 0.005500 0.169000 
215.000000 0.650500 0.065500 0.105500 0.009000 0.169500 
215.500000 0.657000 0.059000 0.107000 0.007500 0.169500 
216.000000 0.654000 0.061500 0.108500 0.007000 0.169000 
216.500000 0.655500 0.060000 0.108000 0.006500 0.170000 
217.000000 0.656500 0.060500 0.107500 0.005500 0.170000 
217.500000 0.659000 0.058000 0.108000 0.005000 0.170000 
218.000000 0.662000 0.055500 0.107000 0.006000 0.169500 
218.500000 0.659500 0.058500 0.108000 0.004000 0.170000 
219.000000 0.663000 0.055500 0.107000 0.005500 0.169000 
219.500000 0.654500 0.064000 0.107500 0.005500 0.168500 
220.000000 0.656000 0.062000 0.106500 0.006500 0.169000 
220.500000 0.655000 0.062500 0.106500 0.007000 0.169000 
221.000000 0.657500 0.060000 0.107000 0.006000 0.169500 
221.500000 0.661000 0.057000 0.107000 0.005500 0.169500 
222.000000 0.665500 0.052000 0.107000 0.006000 0.169500 
222.500000 0.661000 0.057000 0.108000 0.005000 0.169000 
223.000000 0.670000 0.048500 0.107500 0.004500 0.169500 
223.500000 0.664500 0.054000 0.106500 0.005500 0.169500 
224.000000 0.663500 0.056000 0.105500 0.005500 0.169500 
224.500000 0.664500 0.054500 0.106500 0.005000 0.169500 
225.000000 0.657000 0.062000 0.106500 0.005000 0.169500 
225.500000 0.663500 0.056000 0.106500 0.004500 0.169500 
226.000000 0.662000 0.057500 0.106500 0.005000 0.169000 
226.500000 0.662500 0.056000 0.106000 0.005000 0.170500 
227.000000 0.658500 0.060500 0.106500 0.004000 0.170500 
227.500000 0.664000 0.055000 0.106000 0.004500 0.170500 
228.000000 0.658000 0.061000 0.104000 0.005500 0.171500 
228.500000 0.659500 0.059500 0.104000 0.005500 0.171500 
229.000000 0.661500 0.058000 0.104000 0.005000 0.171500 
229.500000 0.665500 0.054000 0.105000 0.004500 0.171000 
230.000000 0.661500 0.058000 0.105000 0.004500 0.171000 
230.500000 0.665000 0.054500 0.104500 0.004500 0.171500 
231.000000 0.670500 0.049000 0.104500 0.004500 0.171500 
231.500000 0.672000 0.047500 0.104000 0.005500 0.171000 
232.000000 0.671000 0.048500 0.104500 0.004000 0.172000 
232.500000 0.663500 0.056000 0.103000 0.005000 0.172500 
233.000000 0.664500 0.054500 0.102500 0.005500 0.173000 
233.500000 0.660500 0.059000 0.101500 0.005000 0.174000 
234.000000 0.658500 0.060500 0.102500 0.005000 0.173500 
234.500000 0.665500 0.053500 0.102000 0.005000 0.174000 
235.000000 0.664000 0.054500 0.102500 0.005500 0.173500 
235.500000 0.660000 0.058500 0.102000 0.005500 0.174000 
236.000000 0.660500 0.058500 0.102500 0.004500 0.174000 
236.500000 0.657500 0.062000 0.102000 0.004000 0.174500 
237.000000 0.662000 0.057500 0.101000 0.004500 0.175000 
237.500000 0.664500 0.056000 0.101000 0.004000 0.174500 
238.000000 0.665000 0.054500 0.101000 0.004500 0.175000 
238.500000 0.664000 0.056500 0.100500 0.004000 0.175000 
239.000000 0.657500 0.062500 0.101000 0.004000 0.175000 
239.500000 0.656500 0.063500 0.103000 0.003500 0.173500 
240.000000 0.662000 0.058000 0.100500 0.004500 0.175000 
240.500000 0.660500 0.059000 0.101500 0.004500 0.174500 
241.000000 0.663000 0.056500 0.100000 0.006000 0.174500 
241.500000 0.662000 0.057500 0.098000 0.008000 0.174500 
242.000000 0.660500 0.059000 0.099000 0.007000 0.174500 
242.500000 0.662000 0.057500 0.099500 0.006000 0.175000 
243.000000 0.664000 0.055500 0.099500 0.006500 0.174500 
243.500000 0.655500 0.063500 0.100500 0.006000 0.174500 
244.000000 0.656500 0.062500 0.100500 0.006500 0.174000 
244.500000 0.663000 0.057000 0.100500 0.005000 0.174500 
245.000000 0.657500 0.061500 0.099500 0.005500 0.176000 
245.500000 0.658000 0.061000 0.098500 0.006500 0.176000 
246.000000 0.657000 0.062000 0.098000 0.006500 0.176500 
246.500000 0.662000 0.057500 0.098000 0.006000 0.176500 
247.000000 0.654000 0.065500 0.098000 0.006000 0.176500 
247.500000 0.657000 0.062500 0.098500 0.005000 0.177000 
248.000000 0.662000 0.058000 0.096500 0.006500 0.177000 
248.500000 0.662500 0.057000 0.098500 0.005500 0.176500 
249.000000 0.658500 0.062000 0.096000 0.006000 0.177500 
249.500000 0.660500 0.060500 0.095500 0.006000 0.177500 
250.000000 0.665500 0.054500 0.096000 0.006500 0.177500 
250.500000 0.658000 0.062000 0.097000 0.006000 0.177000 
251.000000 0.658500 0.061000 0.097500 0.006500 0.176500 
251.500000 0.661000 0.058500 0.097000 0.006500 0.177000 
252.000000 0.661500 0.058500 0.096500 0.007000 0.176500 
252.500000 0.661000 0.059000 0.096500 0.007000 0.176500 
253.000000 0.661000 0.059000 0.098500 0.005000 0.176500 
253.500000 0.658500 0.062000 0.097000 0.005500 0.177000 
254.000000 0.662000 0.057500 0.097500 0.006000 0.177000 
254.500000 0.665500 0.055500 0.098000 0.004000 0.177000 
255.000000 0.662000 0.059500 0.097000 0.004500 0.177000 
255.500000 0.661500 0.058500 0.097500 0.005500 0.177000 
256.000000 0.662500 0.059000 0.095000 0.006000 0.177500 
256.500000 0.663000 0.058500 0.095500 0.005000 0.178000 
257.000000 0.659000 0.063000 0.095000 0.004500 0.178500 
257.500000 0.660000 0.061000 0.095000 0.006500 0.177500 
258.000000 0.664000 0.057500 0.097000 0.004000 0.177500 
258.500000 0.663500 0.057500 0.096500 0.004000 0.178500 
259.000000 0.664000 0.057000 0.097000 0.003500 0.178500 
259.500000 0.661500 0.060500 0.096000 0.003000 0.179000 
260.000000 0.660500 0.061500 0.095500 0.004500 0.178000 
260.500000 0.663000 0.059500 0.095500 0.003500 0.178500 
261.000000 0.659500 0.062000 0.096500 0.004000 0.178000 
261.500000 0.661000 0.060000 0.096000 0.004500 0.178500 
262.000000 0.659500 0.062000 0.096500 0.003000 0.179000 
262.500000 0.664500 0.057000 0.095500 0.004000 0.179000 
263.000000 0.664000 0.057000 0.095000 0.004500 0.179500 
263.500000 0.663500 0.058500 0.096000 0.002500 0.179500 
264.000000 0.661000 0.061000 0.095500 0.003000 0.179500 
264.500000 0.662500 0.059500 0.095500 0.003000 0.179500 
265.000000 0.662500 0.059500 0.095500 0.003000 0.179500 
265.500000 0.660000 0.061500 0.093500 0.005000 0.180000 
266.000000 0.662000 0.060500 0.093500 0.004000 0.180000 
266.500000 0.662500 0.061000 0.093000 0.003000 0.180500 
267.000000 0.662500 0.060500 0.093500 0.003000 0.180500 
267.500000 0.666500 0.056500 0.093500 0.003500 0.180000 
268.000000 0.665000 0.058000 0.093500 0.003000 0.180500 
268.500000 0.665000 0.058500 0.093000 0.003000 0.180500 
269.000000 0.662500 0.060500 0.093000 0.003000 0.181000 
269.500000 0.668500 0.053500 0.093500 0.003500 0.181000 
270.000000 0.669000 0.054500 0.093500 0.002000 0.181000 
270.500000 0.671000 0.052500 0.093000 0.002500 0.181000 
271.000000 0.666000 0.057000 0.092500 0.003000 0.181500 
271.500000 0.668000 0.055000 0.091500 0.003500 0.182000 
272.000000 0.665500 0.057500 0.091000 0.004500 0.181500 
272.500000 0.670000 0.053500 0.090500 0.004000 0.182000 
273.000000 0.669000 0.055000 0.091000 0.003000 0.182000 
273.500000 0.670000 0.055000 0.091000 0.003000 0.181000 
274.000000 0.669000 0.054500 0.090500 0.003500 0.182500 
274.500000 0.669000 0.056000 0.089000 0.003000 0.183000 
275.000000 0.669500 0.055000 0.089000 0.003500 0.183000 
275.500000 0.667500 0.057000 0.089000 0.003500 0.183000 
276.000000 0.661500 0.063500 0.088500 0.004000 0.182500 
276.500000 0.664500 0.060500 0.088000 0.005000 0.182000 
277.000000 0.666500 0.059500 0.087500 0.004500 0.182000 
277.500000 0.665500 0.060500 0.087000 0.003500 0.183500 
278.000000 0.669000 0.057500 0.087500 0.003500 0.182500 
278.500000 0.665500 0.060000 0.087500 0.003500 0.183500 
279.000000 0.665500 0.059500 0.087500 0.004000 0.183500 
279.500000 0.670500 0.054500 0.088500 0.003000 0.183500 
280.000000 0.668000 0.057500 0.086500 0.003500 0.184500 
280.500000 0.667000 0.059000 0.087000 0.003500 0.183500 
281.000000 0.667500 0.058000 0.087000 0.003500 0.184000 
281.500000 0.667000 0.057500 0.085500 0.005000 0.185000 
282.000000 0.664500 0.060000 0.086500 0.005000 0.184000 
282.500000 0.667000 0.058000 0.086000 0.005500 0.183500 
283.000000 0.668500 0.055500 0.088000 0.004000 0.184000 
283.500000 0.665500 0.058500 0.089000 0.003500 0.183500 
284.000000 0.665500 0.059500 0.088000 0.003500 0.183500 
284.500000 0.667500 0.058000 0.088000 0.002500 0.184000 
285.000000 0.661000 0.065000 0.088000 0.002500 0.183500 
285.500000 0.666000 0.059000 0.087500 0.004500 0.183000 
286.000000 0.664500 0.060500 0.086000 0.005500 0.183500 
286.500000 0.666500 0.058500 0.085000 0.006000 0.184000 
287.000000 0.670000 0.055500 0.087000 0.003500 0.184000 
287.500000 0.664500 0.060500 0.087000 0.003500 0.184500 
288.000000 0.667000 0.058000 0.088000 0.002000 0.185000 
288.500000 0.672500 0.053500 0.086500 0.003000 0.184500 
289.000000 0.672000 0.054500 0.086500 0.002500 0.184500 
289.500000 0.674000 0.053500 0.084500 0.003000 0.185000 
290.000000 0.672000 0.056500 0.084500 0.002500 0.184500 
290.500000 0.670000 0.057500 0.083500 0.003500 0.185500 
291.000000 0.669000 0.057500 0.083500 0.004500 0.185500 
291.500000 0.676000 0.052500 0.081500 0.004500 0.185500 
292.000000 0.672000 0.056000 0.083000 0.003000 0.186000 
292.500000 0.670000 0.058500 0.082000 0.004000 0.185500 
293.000000 0.670500 0.057500 0.081000 0.005000 0.186000 
293.500000 0.673500 0.054500 0.082500 0.003500 0.186000 
294.000000 0.674000 0.054000 0.082000 0.003500 0.186500 
294.500000 0.669000 0.060500 0.081000 0.003000 0.186500 
295.000000 0.666000 0.062500 0.081500 0.003500 0.186500 
295.500000 0.671500 0.056500 0.081500 0.003500 0.187000 
296.000000 0.673000 0.054500 0.081000 0.004000 0.187500 
296.500000 0.671500 0.056500 0.081500 0.003500 0.187000 
297.000000 0.669500 0.057500 0.081000 0.004500 0.187500 
297.500000 0.669500 0.059000 0.080500 0.003500 0.187500 
298.000000 0.671000 0.057500 0.078500 0.005000 0.188000 
298.500000 0.668500 0.060000 0.080000 0.004000 0.187500 
299.000000 0.667500 0.061500 0.079500 0.004000 0.187500 
299.500000 0.669500 0.058500 0.079500 0.005000 0.187500 
300.000000 0.670500 0.057500 0.081000 0.004000 0.187000 
300.500000 0.670000 0.058500 0.079000 0.004000 0.188500 
301.000000 0.664000 0.064500 0.079500 0.002500 0.189500 
301.500000 0.669500 0.059000 0.079500 0.003000 0.189000 
302.000000 0.670000 0.058500 0.076000 0.006000 0.189500 
302.500000 0.669000 0.059500 0.076500 0.005000 0.190000 
303.000000 0.673000 0.055500 0.075500 0.006000 0.190000 
303.500000 0.674500 0.055000 0.075000 0.005000 0.190500 
304.000000 0.669000 0.059500 0.077000 0.004500 0.190000 
304.500000 0.671500 0.057500 0.077500 0.003500 0.190000 
305.000000 0.669000 0.059500 0.077500 0.004000 0.190000 
305.500000 0.671000 0.057500 0.078000 0.003500 0.190000 
306.000000 0.675000 0.053500 0.078000 0.003500 0.190000 
306.500000 0.678500 0.050000 0.077000 0.004000 0.190500 
307.000000 0.677000 0.051000 0.076500 0.005000 0.190500 
307.500000 0.676000 0.053500 0.075500 0.003500 0.191500 
308.000000 0.671500 0.057000 0.077500 0.003000 0.191000 
308.500000 0.674000 0.055000 0.076500 0.002500 0.192000 
309.000000 0.676500 0.053000 0.076000 0.003000 0.191500 
309.500000 0.671000 0.058500 0.076500 0.002500 0.191500 
310.000000 0.675500 0.054500 0.076000 0.002500 0.191500 
310.500000 0.673000 0.058000 0.075000 0.002500 0.191500 
311.000000 0.674000 0.057000 0.073500 0.004000 0.191500 
311.500000 0.673500 0.057500 0.074500 0.003000 0.191500 
312.000000 0.679500 0.051500 0.074000 0.003000 0.192000 
312.500000 0.675000 0.055000 0.074000 0.004500 0.191500 
313.000000 0.678500 0.052000 0.075000 0.003000 0.191500 
313.500000 0.676000 0.053500 0.075000 0.004000 0.191500 
314.000000 0.676500 0.053500 0.075500 0.003000 0.191500 
314.500000 0.669500 0.059500 0.076500 0.003500 0.191000 
315.000000 0.676000 0.054000 0.074500 0.004500 0.191000 
315.500000 0.680500 0.048500 0.075500 0.005000 0.190500 
316.000000 0.673500 0.056000 0.075000 0.004500 0.191000 
316.500000 0.672500 0.057000 0.075500 0.004500 0.190500 
317.000000 0.675000 0.055000 0.075500 0.003500 0.191000 
317.500000 0.669500 0.060000 0.076500 0.003500 0.190500 
318.000000 0.667500 0.062000 0.076000 0.003500 0.191000 
318.500000 0.672500 0.057000 0.076000 0.003500 0.191000 
319.000000 0.667000 0.062000 0.076500 0.003500 0.191000 
319.500000 0.671000 0.058500 0.076000 0.003500 0.191000 
320.000000 0.669500 0.060500 0.075000 0.004000 0.191000 
320.500000 0.667000 0.063000 0.075500 0.003500 0.191000 
321.000000 0.669000 0.060500 0.076000 0.003000 0.191500 
321.500000 0.664000 0.065000 0.076000 0.003500 0.191500 
322.000000 0.670000 0.060000 0.074500 0.003500 0.192000 
322.500000 0.664000 0.067000 0.074000 0.004000 0.191000 
323.000000 0.668500 0.062000 0.073000 0.004500 0.192000 
323.500000 0.663500 0.067000 0.072500 0.004500 0.192500 
324.000000 0.664000 0.066500 0.073000 0.004000 0.192500 
324.500000 0.663000 0.068000 0.073000 0.004000 0.192000 
325.000000 0.667000 0.065000 0.071000 0.004500 0.192500 
325.500000 0.664500 0.067500 0.073000 0.003000 0.192000 
326.000000 0.668500 0.063000 0.074000 0.002000 0.192500 
326.500000 0.669000 0.062500 0.073500 0.002500 0.192500 
327.000000 0.669000 0.063500 0.073000 0.002500 0.192000 
327.500000 0.672000 0.060500 0.072500 0.002500 0.192500 
328.000000 0.678500 0.054000 0.072500 0.002000 0.193000 
328.500000 0.670000 0.062500 0.072500 0.002500 0.192500 
329.000000 0.671000 0.062500 0.071500 0.002000 0.193000 
329.500000 0.672500 0.060500 0.070500 0.003500 0.193000 
330.000000 0.674000 0.060000 0.069000 0.003500 0.193500 
330.500000 0.672000 0.061500 0.069000 0.004000 0.193500 
331.000000 0.668000 0.065500 0.070000 0.003000 0.193500 
331.500000 0.674500 0.060000 0.068500 0.003500 0.193500 
332.000000 0.677500 0.056500 0.070000 0.002500 0.193500 
332.500000 0.677500 0.057500 0.069500 0.002000 0.193500 
333.000000 0.673500 0.061500 0.069000 0.002500 0.193500 
333.500000 0.678500 0.057000 0.068000 0.003000 0.193500 
334.000000 0.671500 0.063500 0.068500 0.003000 0.193500 
334.500000 0.674000 0.060500 0.069000 0.003000 0.193500 
335.000000 0.672000 0.063000 0.066500 0.004500 0.194000 
335.500000 0.669500 0.066000 0.065500 0.004000 0.195000 
336.000000 0.668500 0.067000 0.066500 0.003000 0.195000 
336.500000 0.674500 0.061000 0.067500 0.002000 0.195000 
337.000000 0.673000 0.061500 0.068000 0.002500 0.195000 
337.500000 0.675500 0.060000 0.067500 0.002500 0.194500 
338.000000 0.677500 0.057500 0.068000 0.002500 0.194500 
338.500000 0.670500 0.063500 0.067000 0.003000 0.196000 
339.000000 0.673000 0.062500 0.066500 0.002000 0.196000 
339.500000 0.668000 0.067000 0.066000 0.002500 0.196500 
340.000000 0.672500 0.062500 0.065000 0.003000 0.197000 
340.500000 0.679000 0.056000 0.066500 0.002000 0.196500 
341.000000 0.672000 0.063500 0.065000 0.002000 0.197500 
341.500000 0.671500 0.064000 0.066000 0.002000 0.196500 
342.000000 0.667000 0.068000 0.066500 0.001000 0.197500 
342.500000 0.672000 0.062500 0.066000 0.001500 0.198000 
343.000000 0.676000 0.058500 0.066500 0.001000 0.198000 
343.500000 0.675500 0.059000 0.066500 0.001000 0.198000 
344.000000 0.675000 0.060000 0.066000 0.001000 0.198000 
344.500000 0.668500 0.066000 0.066500 0.001000 0.198000 
345.000000 0.669000 0.066000 0.065000 0.001500 0.198500 
345.500000 0.670500 0.065000 0.064500 0.001000 0.199000 
346.000000 0.674000 0.061500 0.063000 0.003000 0.198500 
346.500000 0.677000 0.058500 0.064500 0.001500 0.198500 
347.000000 0.679000 0.056500 0.064000 0.001500 0.199000 
347.500000 0.680000 0.055500 0.064000 0.001500 0.199000 
348.000000 0.677000 0.059000 0.063000 0.001500 0.199500 
348.500000 0.679000 0.057000 0.062000 0.002000 0.200000 
349.000000 0.676500 0.059500 0.062500 0.001500 0.200000 
349.500000 0.677500 0.058500 0.061500 0.001500 0.201000 
350.000000 0.671000 0.065000 0.061500 0.002000 0.200500 
350.500000 0.670000 0.066000 0.060500 0.002500 0.201000 
351.000000 0.673000 0.063000 0.062500 0.001500 0.200000 
351.500000 0.674500 0.061500 0.061000 0.002500 0.200500 
352.000000 0.676500 0.059500 0.061500 0.002000 0.200500 
