0.000000 0.475400 0.087000 0.257600 0.172900 0.007100 
0.500000 0.472900 0.089100 0.254600 0.176400 0.007000 
1.000000 0.477800 0.085000 0.258100 0.172100 0.007000 
1.500000 0.473800 0.088800 0.257100 0.173200 0.007100 
2.000000 0.476200 0.087000 0.253200 0.176400 0.007200 
2.500000 0.472900 0.089900 0.253400 0.176500 0.007300 
3.000000 0.471400 0.092300 0.253700 0.175300 0.007300 
3.500000 0.473900 0.090100 0.254300 0.174300 0.007400 
4.000000 0.473500 0.090200 0.254700 0.173900 0.007700 
4.500000 0.468000 0.095600 0.258200 0.170500 0.007700 
5.000000 0.466300 0.096800 0.257300 0.171900 0.007700 
5.500000 0.466300 0.096600 0.259400 0.169800 0.007900 
6.000000 0.468000 0.094500 0.256600 0.172900 0.008000 
6.500000 0.469700 0.092900 0.256800 0.172500 0.008100 
7.000000 0.467100 0.096000 0.260000 0.168800 0.008100 
7.500000 0.466300 0.096700 0.260600 0.168300 0.008100 
8.000000 0.470800 0.091900 0.255700 0.173500 0.008100 
8.500000 0.469400 0.094000 0.253800 0.174600 0.008200 
9.000000 0.470500 0.092600 0.253600 0.175000 0.008300 
9.500000 0.471700 0.091600 0.251900 0.176500 0.008300 
10.000000 0.470600 0.093100 0.252900 0.174900 0.008500 
10.500000 0.471600 0.092400 0.251200 0.176100 0.008700 
11.000000 0.469200 0.094800 0.251100 0.176100 0.008800 
11.500000 0.471400 0.093600 0.252900 0.173200 0.008900 
12.000000 0.468600 0.096500 0.250500 0.175600 0.008800 
12.500000 0.467000 0.098100 0.248600 0.177200 0.009100 
13.000000 0.469500 0.095700 0.248500 0.177200 0.009100 
13.500000 0.473100 0.091800 0.248400 0.177700 0.009000 
14.000000 0.471500 0.093300 0.250000 0.176200 0.009000 
14.500000 0.473500 0.091500 0.251500 0.174500 0.009000 
15.000000 0.471000 0.094900 0.251200 0.173900 0.009000 
15.500000 0.471900 0.093200 0.249100 0.176800 0.009000 
16.000000 0.474400 0.090900 0.250700 0.175000 0.009000 
16.500000 0.473400 0.091900 0.250400 0.175200 0.009100 
17.000000 0.472800 0.092600 0.253200 0.172200 0.009200 
17.500000 0.468400 0.096400 0.254800 0.171200 0.009200 
18.000000 0.468200 0.096100 0.254400 0.172000 0.009300 
18.500000 0.468800 0.096000 0.252200 0.173700 0.009300 
19.000000 0.471600 0.093300 0.252900 0.172800 0.009400 
19.500000 0.469200 0.095000 0.254900 0.171500 0.009400 
20.000000 0.472600 0.090900 0.251800 0.175200 0.009500 
20.500000 0.469700 0.094000 0.253300 0.173500 0.009500 
21.000000 0.467200 0.096800 0.256300 0.170200 0.009500 
21.500000 0.465700 0.098500 0.256800 0.169600 0.009400 
22.000000 0.469600 0.094800 0.255700 0.170500 0.009400 
22.500000 0.470300 0.094000 0.258200 0.167900 0.009600 
23.000000 0.467900 0.095900 0.255300 0.171400 0.009500 
23.500000 0.469400 0.093600 0.259600 0.167900 0.009500 
24.000000 0.467500 0.094800 0.259900 0.168400 0.009400 
24.500000 0.466800 0.095400 0.256000 0.172500 0.009300 
25.000000 0.466800 0.095000 0.255800 0.173000 0.009400 
25.500000 0.466900 0.094300 0.256000 0.173400 0.009400 
26.000000 0.470000 0.091500 0.260200 0.168800 0.009500 
26.500000 0.467800 0.092600 0.258000 0.172100 0.009500 
27.000000 0.467100 0.093200 0.257700 0.172400 0.009600 
27.500000 0.465900 0.094700 0.256500 0.173100 0.009800 
28.000000 0.461900 0.098800 0.256500 0.172900 0.009900 
28.500000 0.465300 0.094800 0.257700 0.172300 0.009900 
29.000000 0.462400 0.097600 0.258800 0.171100 0.010100 
29.500000 0.460900 0.099100 0.257200 0.172700 0.010100 
30.000000 0.463500 0.097400 0.257800 0.171200 0.010100 
30.500000 0.466200 0.095400 0.255400 0.172700 0.010300 
31.000000 0.469100 0.092800 0.256900 0.170900 0.010300 
31.500000 0.467600 0.094500 0.252900 0.174700 0.010300 
32.000000 0.466300 0.096000 0.250800 0.176600 0.010300 
32.500000 0.470000 0.092100 0.252500 0.175100 0.010300 
33.000000 0.470000 0.092400 0.251100 0.176200 0.010300 
33.500000 0.469800 0.092000 0.253800 0.174000 0.010400 
34.000000 0.471600 0.090400 0.253000 0.174700 0.010300 
34.500000 0.472000 0.090000 0.253300 0.174300 0.010400 
35.000000 0.470100 0.092100 0.251900 0.175600 0.010300 
35.500000 0.469200 0.092600 0.255300 0.172700 0.010200 
36.000000 0.469100 0.092700 0.252900 0.175200 0.010100 
36.500000 0.465700 0.095100 0.255400 0.173800 0.010000 
37.000000 0.461500 0.099900 0.255300 0.173100 0.010200 
37.500000 0.460300 0.100300 0.255300 0.173700 0.010400 
38.000000 0.464500 0.096400 0.252700 0.176000 0.010400 
38.500000 0.463800 0.096400 0.256500 0.172800 0.010500 
39.000000 0.465900 0.094200 0.255600 0.173600 0.010700 
39.500000 0.467300 0.093300 0.255500 0.173200 0.010700 
40.000000 0.470500 0.090000 0.257400 0.171200 0.010900 
40.500000 0.465500 0.094200 0.256800 0.172600 0.010900 
41.000000 0.469500 0.090400 0.257500 0.171600 0.011000 
41.500000 0.471300 0.088100 0.256700 0.173000 0.010900 
42.000000 0.472600 0.086800 0.255900 0.173600 0.011100 
42.500000 0.470300 0.090000 0.252600 0.176200 0.010900 
43.000000 0.471200 0.089200 0.253400 0.174900 0.011300 
43.500000 0.471800 0.088800 0.252100 0.175900 0.011400 
44.000000 0.470900 0.090300 0.254000 0.173400 0.011400 
44.500000 0.471700 0.089200 0.257600 0.170000 0.011500 
45.000000 0.469700 0.091600 0.256500 0.170600 0.011600 
45.500000 0.464500 0.096300 0.254300 0.173300 0.011600 
46.000000 0.466000 0.094500 0.254400 0.173400 0.011700 
46.500000 0.466000 0.094400 0.254900 0.172900 0.011800 
47.000000 0.466500 0.093600 0.255900 0.172200 0.011800 
47.500000 0.469500 0.090600 0.256500 0.171400 0.012000 
48.000000 0.469200 0.090900 0.258200 0.169700 0.012000 
48.500000 0.471500 0.088900 0.259700 0.167900 0.012000 
49.000000 0.468200 0.091600 0.260500 0.167600 0.012100 
49.500000 0.467700 0.091600 0.260400 0.168300 0.012000 
50.000000 0.469000 0.090700 0.257100 0.171100 0.012100 
50.500000 0.470700 0.088700 0.256900 0.171600 0.012100 
51.000000 0.471400 0.088000 0.260700 0.167700 0.012200 
51.500000 0.470700 0.088800 0.259700 0.168400 0.012400 
52.000000 0.471400 0.088600 0.258500 0.169100 0.012400 
52.500000 0.469100 0.091300 0.259500 0.167500 0.012600 
53.000000 0.466400 0.093900 0.255800 0.171400 0.012500 
53.500000 0.468900 0.091900 0.256100 0.170500 0.012600 
54.000000 0.466800 0.093600 0.257400 0.169700 0.012500 
54.500000 0.466400 0.094400 0.257000 0.169800 0.012400 
55.000000 0.468100 0.092800 0.256700 0.169900 0.012500 
55.500000 0.466300 0.093700 0.259900 0.167600 0.012500 
56.000000 0.468800 0.091800 0.260100 0.166600 0.012700 
56.500000 0.468300 0.091900 0.257800 0.169200 0.012800 
57.000000 0.462600 0.097500 0.259700 0.167400 0.012800 
57.500000 0.463700 0.096800 0.258100 0.168600 0.012800 
58.000000 0.464900 0.095700 0.257300 0.169300 0.012800 
58.500000 0.467900 0.092200 0.256900 0.170000 0.013000 
59.000000 0.465900 0.095000 0.259600 0.166300 0.013200 
59.500000 0.463200 0.097000 0.260100 0.166600 0.013100 
60.000000 0.463800 0.096900 0.259100 0.167200 0.013000 
60.500000 0.460600 0.099800 0.260100 0.166400 0.013100 
61.000000 0.461900 0.097600 0.259100 0.168200 0.013200 
61.500000 0.463700 0.095900 0.257200 0.170000 0.013200 
62.000000 0.466900 0.093300 0.256700 0.169900 0.013200 
62.500000 0.464100 0.095800 0.255200 0.171600 0.013300 
63.000000 0.465100 0.095400 0.255200 0.171000 0.013300 
63.500000 0.461300 0.099500 0.254100 0.171500 0.013600 
64.000000 0.464900 0.095600 0.255900 0.170200 0.013400 
64.500000 0.463900 0.097300 0.254700 0.170500 0.013600 
65.000000 0.469400 0.091200 0.254600 0.171200 0.013600 
65.500000 0.468300 0.092500 0.256700 0.168800 0.013700 
66.000000 0.466600 0.093400 0.256000 0.170100 0.013900 
66.500000 0.468400 0.092100 0.254600 0.171000 0.013900 
67.000000 0.465400 0.094500 0.258800 0.167400 0.013900 
67.500000 0.469400 0.090400 0.256000 0.170300 0.013900 
68.000000 0.464500 0.096000 0.254900 0.170500 0.014100 
68.500000 0.468100 0.092700 0.254200 0.170800 0.014200 
69.000000 0.468400 0.092400 0.255000 0.170100 0.014100 
69.500000 0.466000 0.095500 0.253300 0.171100 0.014100 
70.000000 0.469400 0.091500 0.253600 0.171000 0.014500 
70.500000 0.469300 0.090500 0.252800 0.172900 0.014500 
71.000000 0.467500 0.093000 0.250900 0.173900 0.014700 
71.500000 0.471400 0.089400 0.252600 0.171700 0.014900 
72.000000 0.473200 0.087400 0.254500 0.169900 0.015000 
72.500000 0.465500 0.094800 0.256400 0.168300 0.015000 
73.000000 0.466000 0.094300 0.256200 0.168600 0.014900 
73.500000 0.465400 0.095100 0.259700 0.164800 0.015000 
74.000000 0.464700 0.095600 0.260600 0.164000 0.015100 
74.500000 0.462200 0.097800 0.261700 0.163200 0.015100 
75.000000 0.464100 0.096500 0.262600 0.161800 0.015000 
75.500000 0.467100 0.094200 0.261400 0.162400 0.014900 
76.000000 0.469900 0.091100 0.261700 0.162100 0.015200 
76.500000 0.467100 0.094100 0.263100 0.160600 0.015100 
77.000000 0.470600 0.090400 0.264200 0.159600 0.015200 
77.500000 0.470700 0.090900 0.261300 0.161800 0.015300 
78.000000 0.473600 0.088100 0.262400 0.160500 0.015400 
78.500000 0.472100 0.089100 0.260700 0.162700 0.015400 
79.000000 0.472000 0.089100 0.262800 0.160800 0.015300 
79.500000 0.474500 0.086400 0.264300 0.159400 0.015400 
80.000000 0.474600 0.086600 0.262600 0.160700 0.015500 
80.500000 0.472000 0.088800 0.264300 0.159400 0.015500 
81.000000 0.474700 0.086100 0.265500 0.158100 0.015600 
81.500000 0.473400 0.087900 0.263600 0.159600 0.015500 
82.000000 0.476600 0.086000 0.267400 0.154500 0.015500 
82.500000 0.475200 0.087300 0.266700 0.155200 0.015600 
83.000000 0.472400 0.089500 0.267600 0.154900 0.015600 
83.500000 0.474900 0.087100 0.269300 0.153000 0.015700 
84.000000 0.477300 0.084600 0.268100 0.154300 0.015700 
84.500000 0.478500 0.084000 0.271600 0.150200 0.015700 
85.000000 0.473700 0.088600 0.270400 0.151500 0.015800 
85.500000 0.473600 0.088600 0.268300 0.153700 0.015800 
86.000000 0.477900 0.084700 0.266800 0.154700 0.015900 
86.500000 0.474200 0.088900 0.264800 0.156100 0.016000 
87.000000 0.477400 0.085400 0.265400 0.155900 0.015900 
87.500000 0.473800 0.088900 0.264000 0.157300 0.016000 
88.000000 0.478700 0.084400 0.267900 0.152800 0.016200 
88.500000 0.480500 0.083000 0.267400 0.153100 0.016000 
89.000000 0.476200 0.087300 0.267200 0.153100 0.016200 
89.500000 0.476200 0.087300 0.267900 0.152500 0.016100 
90.000000 0.475400 0.088400 0.270100 0.149900 0.016200 
90.500000 0.475200 0.087700 0.269700 0.151000 0.016400 
91.000000 0.475200 0.088100 0.267100 0.153000 0.016600 
91.500000 0.475900 0.087700 0.267800 0.151900 0.016700 
92.000000 0.475200 0.088600 0.268300 0.150900 0.017000 
92.500000 0.473900 0.089500 0.268400 0.151400 0.016800 
93.000000 0.473400 0.090600 0.267500 0.151600 0.016900 
93.500000 0.476100 0.088200 0.266600 0.151900 0.017200 
94.000000 0.476800 0.087400 0.264700 0.153800 0.017300 
94.500000 0.476800 0.088200 0.265200 0.152600 0.017200 
95.000000 0.480300 0.085600 0.262500 0.154200 0.017400 
95.500000 0.478600 0.087400 0.264800 0.151900 0.017300 
96.000000 0.478100 0.087100 0.264300 0.153000 0.017500 
96.500000 0.477700 0.087400 0.264900 0.152700 0.017300 
97.000000 0.472200 0.093000 0.265900 0.151500 0.017400 
97.500000 0.474100 0.090600 0.266300 0.151200 0.017800 
98.000000 0.477300 0.087600 0.267200 0.150200 0.017700 
98.500000 0.476200 0.088000 0.266000 0.152100 0.017700 
99.000000 0.476800 0.088000 0.265400 0.152000 0.017800 
99.500000 0.475100 0.089100 0.267900 0.150200 0.017700 
100.000000 0.477300 0.087700 0.266800 0.150400 0.017800 
100.500000 0.476600 0.088300 0.268200 0.149100 0.017800 
101.000000 0.478400 0.086200 0.269400 0.148000 0.018000 
101.500000 0.477600 0.088600 0.269900 0.145900 0.018000 
102.000000 0.477200 0.088800 0.270700 0.145200 0.018100 
102.500000 0.482100 0.084100 0.268800 0.146900 0.018100 
103.000000 0.480800 0.085200 0.268300 0.147600 0.018100 
103.500000 0.476600 0.089300 0.267400 0.148400 0.018300 
104.000000 0.476500 0.088900 0.271400 0.144900 0.018300 
104.500000 0.476000 0.090400 0.270300 0.145100 0.018200 
105.000000 0.477900 0.089500 0.271200 0.143100 0.018300 
105.500000 0.477100 0.089900 0.271800 0.142800 0.018400 
106.000000 0.476900 0.089900 0.269900 0.144800 0.018500 
106.500000 0.476700 0.090100 0.271500 0.143300 0.018400 
107.000000 0.478900 0.088100 0.270100 0.144200 0.018700 
107.500000 0.482700 0.084200 0.271500 0.142700 0.018900 
108.000000 0.480800 0.087200 0.271300 0.141900 0.018800 
108.500000 0.481400 0.086400 0.270000 0.143500 0.018700 
109.000000 0.482300 0.085700 0.272500 0.140800 0.018700 
109.500000 0.482500 0.086300 0.272000 0.140300 0.018900 
110.000000 0.482900 0.086200 0.270100 0.142000 0.018800 
110.500000 0.484800 0.084400 0.270700 0.141200 0.018900 
111.000000 0.485600 0.083800 0.269900 0.141700 0.019000 
111.500000 0.482800 0.086600 0.272100 0.139500 0.019000 
112.000000 0.481700 0.088300 0.271600 0.139300 0.019100 
112.500000 0.478100 0.092900 0.270700 0.139200 0.019100 
113.000000 0.486100 0.084700 0.273400 0.136600 0.019200 
113.500000 0.486000 0.085500 0.272500 0.136700 0.019300 
114.000000 0.489100 0.082500 0.272400 0.136600 0.019400 
114.500000 0.487600 0.083300 0.268300 0.141300 0.019500 
115.000000 0.483900 0.086900 0.269500 0.139900 0.019800 
115.500000 0.487800 0.083300 0.269300 0.139800 0.019800 
116.000000 0.482600 0.089000 0.267500 0.141000 0.019900 
116.500000 0.483900 0.087100 0.267000 0.142000 0.020000 
117.000000 0.488200 0.083200 0.269400 0.139100 0.020100 
117.500000 0.486400 0.085000 0.269800 0.138800 0.020000 
118.000000 0.485800 0.086300 0.270400 0.137500 0.020000 
118.500000 0.486000 0.085700 0.271400 0.136600 0.020300 
119.000000 0.485900 0.086100 0.272100 0.135300 0.020600 
119.500000 0.483000 0.089300 0.272900 0.134000 0.020800 
120.000000 0.487700 0.084600 0.272600 0.134200 0.020900 
120.500000 0.485200 0.087100 0.276800 0.130000 0.020900 
121.000000 0.486800 0.085200 0.277000 0.129800 0.021200 
121.500000 0.484800 0.087700 0.277200 0.129100 0.021200 
122.000000 0.484900 0.088000 0.277200 0.128600 0.021300 
122.500000 0.486000 0.086700 0.277600 0.128300 0.021400 
123.000000 0.489200 0.084300 0.277600 0.127300 0.021600 
123.500000 0.487800 0.086200 0.278100 0.126400 0.021500 
124.000000 0.488500 0.085800 0.275100 0.129000 0.021600 
124.500000 0.489300 0.085000 0.276800 0.127300 0.021600 
125.000000 0.489900 0.085200 0.276200 0.126800 0.021900 
125.500000 0.488400 0.086200 0.277400 0.125600 0.022400 
126.000000 0.490200 0.084100 0.279100 0.124200 0.022400 
126.500000 0.489700 0.085200 0.276700 0.125900 0.022500 
127.000000 0.488900 0.086000 0.278900 0.123700 0.022500 
127.500000 0.491300 0.084000 0.276300 0.125600 0.022800 
128.000000 0.492500 0.083600 0.275800 0.125200 0.022900 
128.500000 0.491600 0.083800 0.277200 0.124600 0.022800 
129.000000 0.490400 0.085500 0.276100 0.125000 0.023000 
129.500000 0.490300 0.086100 0.277600 0.122800 0.023200 
130.000000 0.488100 0.088600 0.277900 0.122200 0.023200 
130.500000 0.492400 0.084000 0.277700 0.122700 0.023200 
131.000000 0.489400 0.087100 0.276300 0.123900 0.023300 
131.500000 0.489500 0.087500 0.276900 0.122800 0.023300 
132.000000 0.490100 0.086200 0.276900 0.123200 0.023600 
132.500000 0.491300 0.085700 0.275400 0.124200 0.023400 
133.000000 0.487800 0.089200 0.274300 0.124900 0.023800 
133.500000 0.491400 0.085900 0.278100 0.120800 0.023800 
134.000000 0.489700 0.087600 0.281700 0.117100 0.023900 
134.500000 0.489000 0.088300 0.278000 0.120600 0.024100 
135.000000 0.488600 0.089100 0.277800 0.120400 0.024100 
135.500000 0.492600 0.085300 0.280400 0.117300 0.024400 
136.000000 0.492600 0.085400 0.280900 0.116600 0.024500 
136.500000 0.494900 0.083200 0.279500 0.117500 0.024900 
137.000000 0.493000 0.085400 0.282000 0.114600 0.025000 
137.500000 0.493500 0.085200 0.280100 0.116000 0.025200 
138.000000 0.491000 0.087900 0.280200 0.115800 0.025100 
138.500000 0.492400 0.086600 0.279300 0.116400 0.025300 
139.000000 0.494900 0.084600 0.278000 0.117100 0.025400 
139.500000 0.491400 0.088500 0.279400 0.115200 0.025500 
140.000000 0.496600 0.082700 0.278900 0.116200 0.025600 
140.500000 0.498500 0.081200 0.276800 0.117900 0.025600 
141.000000 0.497600 0.082800 0.275700 0.118100 0.025800 
141.500000 0.498700 0.081500 0.277200 0.116800 0.025800 
142.000000 0.497200 0.082800 0.274000 0.120200 0.025800 
142.500000 0.499900 0.080000 0.275400 0.118700 0.026000 
143.000000 0.498300 0.082200 0.273700 0.119800 0.026000 
143.500000 0.496500 0.084400 0.273900 0.119100 0.026100 
144.000000 0.496500 0.084800 0.276400 0.116200 0.026100 
144.500000 0.497900 0.083300 0.276600 0.116000 0.026200 
145.000000 0.498400 0.083300 0.272500 0.119500 0.026300 
145.500000 0.499000 0.083100 0.272500 0.119200 0.026200 
146.000000 0.495900 0.086500 0.272100 0.118900 0.026600 
146.500000 0.497200 0.085300 0.271300 0.119500 0.026700 
147.000000 0.500100 0.082300 0.272200 0.118700 0.026700 
147.500000 0.496700 0.086200 0.274800 0.115400 0.026900 
148.000000 0.497300 0.086000 0.272700 0.116900 0.027100 
148.500000 0.502300 0.081300 0.272200 0.117000 0.027200 
149.000000 0.497700 0.086600 0.273900 0.114500 0.027300 
149.500000 0.499100 0.085700 0.272400 0.115300 0.027500 
150.000000 0.499900 0.084700 0.273200 0.114800 0.027400 
150.500000 0.499800 0.085400 0.274000 0.113400 0.027400 
151.000000 0.494700 0.090500 0.277900 0.109300 0.027600 
151.500000 0.503000 0.083100 0.273800 0.112500 0.027600 
152.000000 0.504200 0.082500 0.276900 0.108400 0.028000 
152.500000 0.504400 0.082300 0.274000 0.111400 0.027900 
153.000000 0.503800 0.083400 0.273300 0.111500 0.028000 
153.500000 0.500300 0.086700 0.274200 0.110700 0.028100 
154.000000 0.500800 0.086600 0.273400 0.110900 0.028300 
154.500000 0.503300 0.084500 0.274700 0.109200 0.028300 
155.000000 0.503500 0.084900 0.274600 0.108600 0.028400 
155.500000 0.505200 0.082800 0.277300 0.106500 0.028200 
156.000000 0.506200 0.081800 0.277700 0.105900 0.028400 
156.500000 0.507700 0.080400 0.275100 0.108200 0.028600 
157.000000 0.506700 0.081800 0.274100 0.108700 0.028700 
157.500000 0.508200 0.080800 0.273700 0.108100 0.029200 
158.000000 0.506500 0.082000 0.274700 0.107600 0.029200 
158.500000 0.505400 0.082700 0.276500 0.106300 0.029100 
159.000000 0.508900 0.079500 0.274500 0.107700 0.029400 
159.500000 0.509600 0.079900 0.271600 0.109600 0.029300 
160.000000 0.506700 0.082800 0.274000 0.107100 0.029400 
160.500000 0.509900 0.079600 0.273800 0.106700 0.030000 
161.000000 0.509200 0.080700 0.272400 0.107700 0.030000 
161.500000 0.508700 0.082000 0.275800 0.103500 0.030000 
162.000000 0.509700 0.081500 0.274800 0.103600 0.030400 
162.500000 0.511400 0.080100 0.276700 0.101700 0.030100 
163.000000 0.511500 0.080700 0.274900 0.102600 0.030300 
163.500000 0.509200 0.083000 0.276200 0.101100 0.030500 
164.000000 0.509600 0.082800 0.275700 0.100900 0.031000 
164.500000 0.509400 0.083200 0.276300 0.100000 0.031100 
165.000000 0.508200 0.084600 0.275300 0.100600 0.031300 
165.500000 0.511400 0.081700 0.276200 0.099200 0.031500 
166.000000 0.511400 0.082300 0.272900 0.101600 0.031800 
166.500000 0.513200 0.080700 0.274500 0.099800 0.031800 
167.000000 0.514600 0.078900 0.273100 0.101600 0.031800 
167.500000 0.511900 0.082500 0.274200 0.099100 0.032300 
168.000000 0.511500 0.082800 0.273200 0.100100 0.032400 
168.500000 0.510400 0.084600 0.272600 0.099700 0.032700 
169.000000 0.510900 0.084700 0.274900 0.096600 0.032900 
169.500000 0.514000 0.082300 0.275900 0.094600 0.033200 
170.000000 0.512500 0.083600 0.274800 0.096100 0.033000 
170.500000 0.512000 0.084100 0.276000 0.094800 0.033100 
171.000000 0.516900 0.079600 0.274800 0.095500 0.033200 
171.500000 0.515400 0.081900 0.274100 0.095000 0.033600 
172.000000 0.517100 0.079900 0.274900 0.094500 0.033600 
172.500000 0.517700 0.079200 0.275300 0.094200 0.033600 
173.000000 0.514600 0.082900 0.276000 0.092800 0.033700 
173.500000 0.517000 0.080900 0.275100 0.093000 0.034000 
174.000000 0.518200 0.079600 0.275200 0.092900 0.034100 
174.500000 0.517300 0.081100 0.277200 0.090100 0.034300 
175.000000 0.517000 0.081700 0.275700 0.091000 0.034600 
175.500000 0.518600 0.079900 0.275400 0.091400 0.034700 
176.000000 0.518400 0.080600 0.274600 0.091700 0.034700 
176.500000 0.521500 0.078400 0.274900 0.090500 0.034700 
177.000000 0.521100 0.079500 0.274300 0.090300 0.034800 
177.500000 0.516200 0.083900 0.273000 0.091700 0.035200 
178.000000 0.517100 0.083300 0.274200 0.090000 0.035400 
178.500000 0.518900 0.082000 0.274400 0.089000 0.035700 
179.000000 0.518000 0.082900 0.272900 0.090500 0.035700 
179.500000 0.516800 0.084300 0.273300 0.089700 0.035900 
180.000000 0.514800 0.086700 0.274000 0.088700 0.035800 
180.500000 0.516800 0.085600 0.274400 0.087500 0.035700 
181.000000 0.517000 0.085800 0.272800 0.088400 0.036000 
181.500000 0.516300 0.086900 0.271900 0.088800 0.036100 
182.000000 0.518700 0.084700 0.274100 0.086100 0.036400 
182.500000 0.519900 0.084100 0.273700 0.085600 0.036700 
183.000000 0.522300 0.082300 0.272500 0.086400 0.036500 
183.500000 0.525900 0.079300 0.271200 0.086800 0.036800 
184.000000 0.520900 0.084100 0.272400 0.085700 0.036900 
184.500000 0.520900 0.085000 0.271600 0.085400 0.037100 
185.000000 0.519200 0.086500 0.273900 0.083400 0.037000 
185.500000 0.523200 0.082600 0.270000 0.086400 0.037800 
186.000000 0.516800 0.088900 0.272200 0.084200 0.037900 
186.500000 0.521200 0.084800 0.273900 0.082200 0.037900 
187.000000 0.521200 0.084900 0.273900 0.081700 0.038300 
187.500000 0.521400 0.084900 0.272800 0.082600 0.038300 
188.000000 0.520600 0.085700 0.274300 0.081000 0.038400 
188.500000 0.521800 0.084600 0.274400 0.080800 0.038400 
189.000000 0.521500 0.085400 0.274600 0.079900 0.038600 
189.500000 0.522400 0.084500 0.275000 0.079400 0.038700 
190.000000 0.523800 0.083700 0.273500 0.080200 0.038800 
190.500000 0.525100 0.082400 0.273500 0.080200 0.038800 
191.000000 0.525500 0.082000 0.272900 0.080400 0.039200 
191.500000 0.527800 0.079800 0.273000 0.080400 0.039000 
192.000000 0.526800 0.080900 0.271700 0.081800 0.038800 
192.500000 0.524700 0.083200 0.272300 0.081100 0.038700 
193.000000 0.528100 0.080800 0.271900 0.079900 0.039300 
193.500000 0.526100 0.082800 0.273600 0.078300 0.039200 
194.000000 0.529600 0.079300 0.272800 0.078800 0.039500 
194.500000 0.527300 0.082100 0.273900 0.077200 0.039500 
195.000000 0.527700 0.081800 0.273600 0.077200 0.039700 
195.500000 0.525400 0.084300 0.272600 0.077800 0.039900 
196.000000 0.525100 0.085000 0.272600 0.077100 0.040200 
196.500000 0.525200 0.085200 0.274000 0.075700 0.039900 
197.000000 0.525600 0.085200 0.274000 0.074900 0.040300 
197.500000 0.528200 0.083300 0.274500 0.073600 0.040400 
198.000000 0.528000 0.083600 0.275200 0.072400 0.040800 
198.500000 0.527400 0.084300 0.275700 0.071700 0.040900 
199.000000 0.527700 0.084500 0.276600 0.070300 0.040900 
199.500000 0.526700 0.085300 0.275200 0.071600 0.041200 
200.000000 0.528500 0.084500 0.275600 0.070200 0.041200 
200.500000 0.529500 0.083700 0.276000 0.069600 0.041200 
201.000000 0.528800 0.083900 0.275300 0.071100 0.040900 
201.500000 0.530700 0.082800 0.274800 0.070700 0.041000 
202.000000 0.531200 0.082500 0.275100 0.070200 0.041000 
202.500000 0.530700 0.083000 0.275500 0.069800 0.041000 
203.000000 0.530400 0.083600 0.275100 0.069700 0.041200 
203.500000 0.530600 0.083500 0.273400 0.071100 0.041400 
204.000000 0.528900 0.086000 0.273900 0.069700 0.041500 
204.500000 0.528300 0.085900 0.273700 0.070300 0.041800 
205.000000 0.528900 0.085000 0.271800 0.072100 0.042200 
205.500000 0.530000 0.084000 0.270400 0.073200 0.042400 
206.000000 0.532700 0.082000 0.271900 0.071100 0.042300 
206.500000 0.534100 0.080800 0.271200 0.071500 0.042400 
207.000000 0.534100 0.081300 0.271100 0.070900 0.042600 
207.500000 0.532400 0.083000 0.271800 0.070200 0.042600 
208.000000 0.535700 0.080700 0.270800 0.070100 0.042700 
208.500000 0.533900 0.082100 0.272300 0.068900 0.042800 
209.000000 0.534600 0.081400 0.272500 0.068700 0.042800 
209.500000 0.531500 0.084400 0.272800 0.068500 0.042800 
210.000000 0.531500 0.084100 0.273900 0.067400 0.043100 
210.500000 0.536000 0.079600 0.274500 0.066300 0.043600 
211.000000 0.535600 0.080500 0.273300 0.067000 0.043600 
211.500000 0.535500 0.080500 0.273200 0.066900 0.043900 
212.000000 0.533800 0.082500 0.273300 0.066400 0.044000 
212.500000 0.534500 0.082400 0.270700 0.068200 0.044200 
213.000000 0.533900 0.082700 0.268800 0.070200 0.044400 
213.500000 0.533300 0.083600 0.268900 0.069400 0.044800 
214.000000 0.536100 0.081400 0.268100 0.069600 0.044800 
214.500000 0.536600 0.081300 0.267600 0.069100 0.045400 
215.000000 0.537700 0.080000 0.268500 0.068200 0.045600 
215.500000 0.539700 0.078000 0.270200 0.066200 0.045900 
216.000000 0.540500 0.077500 0.268500 0.067400 0.046100 
216.500000 0.540300 0.078400 0.268100 0.066900 0.046300 
217.000000 0.539700 0.079300 0.268500 0.066000 0.046500 
217.500000 0.538700 0.080300 0.269400 0.065000 0.046600 
218.000000 0.537700 0.082000 0.269300 0.063900 0.047100 
218.500000 0.540000 0.080100 0.267600 0.064800 0.047500 
219.000000 0.539400 0.081200 0.267100 0.065000 0.047300 
219.500000 0.535700 0.084700 0.267300 0.064800 0.047500 
220.000000 0.539000 0.081700 0.267800 0.063800 0.047700 
220.500000 0.536800 0.084200 0.267300 0.063700 0.048000 
221.000000 0.536500 0.084900 0.269000 0.061300 0.048300 
221.500000 0.536700 0.084300 0.267900 0.062500 0.048600 
222.000000 0.533600 0.087200 0.266300 0.064300 0.048600 
222.500000 0.535200 0.086000 0.266300 0.064000 0.048500 
223.000000 0.535700 0.086100 0.268000 0.061400 0.048800 
223.500000 0.537100 0.085600 0.266600 0.061800 0.048900 
224.000000 0.538200 0.084700 0.269000 0.059300 0.048800 
224.500000 0.538000 0.085600 0.268500 0.058900 0.049000 
225.000000 0.540000 0.083800 0.267700 0.059500 0.049000 
225.500000 0.543500 0.080300 0.266900 0.060300 0.049000 
226.000000 0.541400 0.083000 0.267800 0.058500 0.049300 
226.500000 0.540500 0.084000 0.268100 0.057900 0.049500 
227.000000 0.542800 0.081900 0.267300 0.058400 0.049600 
227.500000 0.545400 0.079500 0.267900 0.057100 0.050100 
228.000000 0.542200 0.082600 0.266500 0.058300 0.050400 
228.500000 0.542600 0.082500 0.264300 0.059400 0.051200 
229.000000 0.544100 0.080700 0.264200 0.060000 0.051000 
229.500000 0.547200 0.078300 0.264400 0.058700 0.051400 
230.000000 0.543600 0.081300 0.266000 0.057500 0.051600 
230.500000 0.547100 0.078100 0.266900 0.056100 0.051800 
231.000000 0.545300 0.080100 0.267200 0.055400 0.052000 
231.500000 0.546900 0.078300 0.267500 0.055300 0.052000 
232.000000 0.547100 0.079000 0.267300 0.054600 0.052000 
232.500000 0.547200 0.078900 0.265800 0.055900 0.052200 
233.000000 0.550600 0.076000 0.263100 0.057700 0.052600 
233.500000 0.551700 0.075600 0.264700 0.055400 0.052600 
234.000000 0.546100 0.081400 0.265000 0.054800 0.052700 
234.500000 0.548900 0.078900 0.265900 0.053600 0.052700 
235.000000 0.545900 0.082600 0.267100 0.051100 0.053300 
235.500000 0.547600 0.080800 0.264900 0.053500 0.053200 
236.000000 0.550900 0.077900 0.263800 0.053600 0.053800 
236.500000 0.551300 0.077300 0.264600 0.053100 0.053700 
237.000000 0.547700 0.081400 0.260300 0.056200 0.054400 
237.500000 0.550900 0.078900 0.260700 0.055000 0.054500 
238.000000 0.547800 0.082500 0.260100 0.055000 0.054600 
238.500000 0.551200 0.079200 0.259600 0.055300 0.054700 
239.000000 0.553300 0.076900 0.261000 0.054000 0.054800 
239.500000 0.554600 0.076300 0.259200 0.054800 0.055100 
240.000000 0.551700 0.079800 0.258900 0.054400 0.055200 
240.500000 0.552400 0.079100 0.257300 0.055700 0.055500 
241.000000 0.554800 0.077100 0.257400 0.055100 0.055600 
241.500000 0.557500 0.074400 0.258100 0.054500 0.055500 
242.000000 0.554300 0.077900 0.257900 0.054500 0.055400 
242.500000 0.555000 0.077500 0.258200 0.053500 0.055800 
243.000000 0.555200 0.077700 0.257400 0.054000 0.055700 
243.500000 0.555700 0.077600 0.257600 0.053400 0.055700 
244.000000 0.549900 0.083500 0.256200 0.054500 0.055900 
244.500000 0.553200 0.080600 0.256400 0.053900 0.055900 
245.000000 0.553900 0.080000 0.257100 0.052700 0.056300 
245.500000 0.555600 0.078200 0.257300 0.052400 0.056500 
246.000000 0.555600 0.079100 0.259000 0.050000 0.056300 
246.500000 0.557700 0.076500 0.257100 0.051900 0.056800 
247.000000 0.558600 0.076200 0.255100 0.053100 0.057000 
247.500000 0.558200 0.077400 0.254900 0.052300 0.057200 
248.000000 0.556000 0.079500 0.255300 0.051800 0.057400 
248.500000 0.558100 0.077800 0.255400 0.051000 0.057700 
249.000000 0.556100 0.079500 0.253900 0.052900 0.057600 
249.500000 0.555100 0.080700 0.254600 0.051900 0.057700 
250.000000 0.554800 0.080700 0.256000 0.050600 0.057900 
250.500000 0.559200 0.077100 0.255700 0.050300 0.057700 
251.000000 0.557500 0.078900 0.254600 0.051000 0.058000 
251.500000 0.558000 0.078400 0.253500 0.051700 0.058400 
252.000000 0.559700 0.077100 0.255100 0.049400 0.058700 
252.500000 0.558700 0.077900 0.254800 0.049900 0.058700 
253.000000 0.558900 0.078300 0.253800 0.049800 0.059200 
253.500000 0.562500 0.075100 0.254800 0.048200 0.059400 
254.000000 0.559900 0.077700 0.255000 0.048000 0.059400 
254.500000 0.561400 0.076600 0.254400 0.047700 0.059900 
255.000000 0.561600 0.076600 0.254100 0.048000 0.059700 
255.500000 0.560100 0.078300 0.254600 0.047000 0.060000 
256.000000 0.563000 0.075700 0.253700 0.047100 0.060500 
256.500000 0.559300 0.079500 0.253500 0.047300 0.060400 
257.000000 0.562400 0.076400 0.252300 0.048400 0.060500 
257.500000 0.563600 0.075400 0.252600 0.048000 0.060400 
258.000000 0.565200 0.074900 0.251800 0.047700 0.060400 
258.500000 0.569300 0.071200 0.250900 0.048200 0.060400 
259.000000 0.565900 0.074600 0.251300 0.047700 0.060500 
259.500000 0.565700 0.075000 0.248500 0.050200 0.060600 
260.000000 0.565800 0.075300 0.250800 0.047300 0.060800 
260.500000 0.563700 0.077900 0.249600 0.048200 0.060600 
261.000000 0.563500 0.078300 0.250700 0.046300 0.061200 
261.500000 0.566400 0.075600 0.250200 0.046400 0.061400 
262.000000 0.565600 0.076700 0.249900 0.045800 0.062000 
262.500000 0.565900 0.076700 0.251300 0.043600 0.062500 
263.000000 0.565000 0.077300 0.250900 0.044300 0.062500 
263.500000 0.566700 0.076100 0.251100 0.043600 0.062500 
264.000000 0.565200 0.077100 0.253100 0.042200 0.062400 
264.500000 0.567000 0.075800 0.251500 0.042700 0.063000 
265.000000 0.565600 0.077500 0.250100 0.043300 0.063500 
265.500000 0.570500 0.072600 0.251300 0.042200 0.063400 
266.000000 0.571400 0.071500 0.249000 0.044100 0.064000 
266.500000 0.571000 0.072300 0.249300 0.043100 0.064300 
267.000000 0.570900 0.073600 0.248300 0.042800 0.064400 
267.500000 0.571100 0.073400 0.246700 0.043500 0.065300 
268.000000 0.570500 0.074000 0.247300 0.042900 0.065300 
268.500000 0.569700 0.075400 0.248800 0.040800 0.065300 
269.000000 0.569800 0.075500 0.247500 0.041400 0.065800 
269.500000 0.571600 0.074000 0.246000 0.042700 0.065700 
270.000000 0.572400 0.073300 0.245300 0.042800 0.066200 
270.500000 0.570700 0.075400 0.244700 0.042400 0.066800 
271.000000 0.569500 0.076700 0.244000 0.042700 0.067100 
271.500000 0.568800 0.077800 0.242500 0.043600 0.067300 
272.000000 0.568000 0.078600 0.242800 0.043000 0.067600 
272.500000 0.569500 0.077300 0.241700 0.043800 0.067700 
273.000000 0.568700 0.077800 0.242600 0.043000 0.067900 
273.500000 0.568900 0.078300 0.242500 0.042100 0.068200 
274.000000 0.569900 0.077300 0.242400 0.041700 0.068700 
274.500000 0.570700 0.077300 0.244100 0.039400 0.068500 
275.000000 0.573300 0.074800 0.244200 0.039100 0.068600 
275.500000 0.570800 0.076900 0.244200 0.039300 0.068800 
276.000000 0.571300 0.076400 0.243100 0.040100 0.069100 
276.500000 0.575100 0.072700 0.244600 0.038400 0.069200 
277.000000 0.575000 0.073100 0.245400 0.037200 0.069300 
277.500000 0.574500 0.074100 0.243700 0.038000 0.069700 
278.000000 0.575500 0.073000 0.243300 0.037900 0.070300 
278.500000 0.576700 0.072000 0.243200 0.037400 0.070700 
279.000000 0.571700 0.077600 0.243000 0.037000 0.070700 
279.500000 0.576100 0.073800 0.243200 0.035800 0.071100 
280.000000 0.574000 0.076100 0.243200 0.035300 0.071400 
280.500000 0.576800 0.073000 0.243500 0.035200 0.071500 
281.000000 0.575500 0.074100 0.242700 0.036000 0.071700 
281.500000 0.573100 0.077400 0.241600 0.036000 0.071900 
282.000000 0.573700 0.076600 0.241200 0.036500 0.072000 
282.500000 0.574400 0.075700 0.240500 0.037500 0.071900 
283.000000 0.573100 0.077800 0.239900 0.037400 0.071800 
283.500000 0.572800 0.077600 0.239500 0.038200 0.071900 
284.000000 0.574200 0.076600 0.240500 0.036700 0.072000 
284.500000 0.574500 0.075800 0.242400 0.035300 0.072000 
285.000000 0.573900 0.076900 0.242000 0.035000 0.072200 
285.500000 0.574700 0.076900 0.240700 0.035100 0.072600 
286.000000 0.575100 0.076500 0.241100 0.034800 0.072500 
286.500000 0.575900 0.075500 0.239500 0.036300 0.072800 
287.000000 0.576900 0.074300 0.240000 0.036000 0.072800 
287.500000 0.574800 0.076400 0.238900 0.036800 0.073100 
288.000000 0.574300 0.077400 0.239000 0.036200 0.073100 
288.500000 0.575900 0.076600 0.238200 0.035900 0.073400 
289.000000 0.575200 0.077100 0.237600 0.036700 0.073400 
289.500000 0.576700 0.075400 0.237000 0.037400 0.073500 
290.000000 0.580200 0.072100 0.238000 0.036200 0.073500 
290.500000 0.577600 0.075100 0.239200 0.034500 0.073600 
291.000000 0.580200 0.072600 0.241200 0.032100 0.073900 
291.500000 0.580800 0.072200 0.240400 0.032600 0.074000 
292.000000 0.580700 0.072300 0.239200 0.033600 0.074200 
292.500000 0.579700 0.073500 0.238900 0.033500 0.074400 
293.000000 0.580500 0.072800 0.239500 0.032800 0.074400 
293.500000 0.578700 0.075100 0.238700 0.032900 0.074600 
294.000000 0.578800 0.075100 0.240000 0.031500 0.074600 
294.500000 0.579700 0.074100 0.239300 0.032100 0.074800 
295.000000 0.576700 0.077400 0.239200 0.032000 0.074700 
295.500000 0.579700 0.075000 0.237900 0.032300 0.075100 
296.000000 0.580700 0.074300 0.236900 0.032700 0.075400 
296.500000 0.580000 0.075000 0.235900 0.033100 0.076000 
297.000000 0.579900 0.075400 0.235300 0.033300 0.076100 
297.500000 0.582200 0.073400 0.233800 0.034400 0.076200 
298.000000 0.579800 0.076400 0.233700 0.033300 0.076800 
298.500000 0.577800 0.078600 0.234700 0.032000 0.076900 
299.000000 0.578600 0.077300 0.233300 0.033600 0.077200 
299.500000 0.582600 0.073600 0.234000 0.032600 0.077200 
300.000000 0.582000 0.074700 0.232600 0.033300 0.077400 
300.500000 0.580800 0.076000 0.232800 0.033000 0.077400 
301.000000 0.581600 0.075400 0.232900 0.032600 0.077500 
301.500000 0.580400 0.077000 0.232900 0.031900 0.077800 
302.000000 0.577900 0.079600 0.232700 0.031600 0.078200 
302.500000 0.576900 0.081000 0.233500 0.030600 0.078000 
303.000000 0.577800 0.080300 0.232300 0.031200 0.078400 
303.500000 0.577900 0.080300 0.231400 0.032000 0.078400 
304.000000 0.577000 0.082100 0.229500 0.032000 0.079400 
304.500000 0.578000 0.080900 0.230300 0.031100 0.079700 
305.000000 0.580000 0.079300 0.231200 0.029600 0.079900 
305.500000 0.578300 0.081600 0.231000 0.029300 0.079800 
306.000000 0.580100 0.079500 0.229600 0.030800 0.080000 
306.500000 0.578500 0.080900 0.229000 0.031700 0.079900 
307.000000 0.581500 0.078400 0.230200 0.029700 0.080200 
307.500000 0.579200 0.080600 0.229900 0.029700 0.080600 
308.000000 0.581300 0.078400 0.229100 0.030500 0.080700 
308.500000 0.584600 0.075900 0.227600 0.030800 0.081100 
309.000000 0.583700 0.077000 0.228300 0.030000 0.081000 
309.500000 0.583100 0.077200 0.228000 0.030500 0.081200 
310.000000 0.584000 0.076500 0.227800 0.030200 0.081500 
310.500000 0.583700 0.077300 0.227900 0.029400 0.081700 
311.000000 0.586000 0.075300 0.227600 0.029500 0.081600 
311.500000 0.585500 0.075700 0.228900 0.028000 0.081900 
312.000000 0.585600 0.076000 0.228200 0.027900 0.082300 
312.500000 0.584000 0.077400 0.226300 0.029600 0.082700 
313.000000 0.584600 0.077500 0.225900 0.028900 0.083100 
313.500000 0.585400 0.076800 0.225600 0.028800 0.083400 
314.000000 0.587200 0.076000 0.225500 0.027400 0.083900 
314.500000 0.583400 0.079800 0.224700 0.028400 0.083700 
315.000000 0.586600 0.076700 0.224000 0.028800 0.083900 
315.500000 0.585700 0.077600 0.223900 0.028700 0.084100 
316.000000 0.588100 0.075500 0.224100 0.027800 0.084500 
316.500000 0.591400 0.072600 0.223100 0.028400 0.084500 
317.000000 0.589800 0.074700 0.222100 0.028500 0.084900 
317.500000 0.591200 0.073400 0.222200 0.028100 0.085100 
318.000000 0.590900 0.074200 0.220600 0.029000 0.085300 
318.500000 0.588600 0.076400 0.222000 0.027800 0.085200 
319.000000 0.589800 0.075400 0.222000 0.027400 0.085400 
319.500000 0.590100 0.075200 0.220700 0.028300 0.085700 
320.000000 0.588400 0.077300 0.221000 0.027300 0.086000 
320.500000 0.588800 0.076900 0.220500 0.027800 0.086000 
321.000000 0.588700 0.077100 0.221800 0.025900 0.086500 
321.500000 0.588200 0.077900 0.221900 0.025700 0.086300 
322.000000 0.589000 0.077400 0.222100 0.025000 0.086500 
322.500000 0.588900 0.077400 0.221300 0.025800 0.086600 
323.000000 0.589100 0.077600 0.220200 0.026200 0.086900 
323.500000 0.590300 0.076700 0.220100 0.026300 0.086600 
324.000000 0.593900 0.073800 0.218500 0.026600 0.087200 
324.500000 0.592400 0.075100 0.220200 0.025100 0.087200 
325.000000 0.591000 0.076900 0.219900 0.024600 0.087600 
325.500000 0.592900 0.074700 0.219000 0.025700 0.087700 
326.000000 0.593700 0.074200 0.219400 0.025100 0.087600 
326.500000 0.593600 0.074600 0.218300 0.025300 0.088200 
327.000000 0.595600 0.072800 0.217700 0.025600 0.088300 
327.500000 0.596400 0.072500 0.217900 0.024900 0.088300 
328.000000 0.595300 0.072900 0.218600 0.024600 0.088600 
328.500000 0.594400 0.074500 0.218800 0.023300 0.089000 
329.000000 0.593900 0.075100 0.218500 0.023300 0.089200 
329.500000 0.594000 0.075400 0.217800 0.023200 0.089600 
330.000000 0.591400 0.077800 0.217100 0.024500 0.089200 
330.500000 0.590900 0.078500 0.217200 0.024000 0.089400 
331.000000 0.595300 0.074400 0.217200 0.023400 0.089700 
331.500000 0.593000 0.077100 0.217800 0.022300 0.089800 
332.000000 0.591900 0.078900 0.217500 0.021400 0.090300 
332.500000 0.592600 0.077800 0.216300 0.022900 0.090400 
333.000000 0.593600 0.077100 0.215300 0.023600 0.090400 
333.500000 0.595400 0.075600 0.214000 0.024100 0.090900 
334.000000 0.598000 0.073300 0.215600 0.022400 0.090700 
334.500000 0.597200 0.074700 0.214300 0.022900 0.090900 
335.000000 0.593200 0.078500 0.215100 0.022100 0.091100 
335.500000 0.595600 0.076200 0.213100 0.023900 0.091200 
336.000000 0.598200 0.074700 0.212200 0.023500 0.091400 
336.500000 0.599600 0.073200 0.212800 0.022900 0.091500 
337.000000 0.595700 0.076900 0.213200 0.022500 0.091700 
337.500000 0.594400 0.078700 0.213000 0.021500 0.092400 
338.000000 0.598900 0.074700 0.210800 0.022800 0.092800 
338.500000 0.597900 0.075300 0.210300 0.023300 0.093200 
339.000000 0.597300 0.075600 0.210500 0.022800 0.093800 
339.500000 0.601900 0.071300 0.210000 0.022800 0.094000 
340.000000 0.601400 0.072000 0.209400 0.023100 0.094100 
340.500000 0.601000 0.072100 0.210200 0.022600 0.094100 
341.000000 0.601600 0.071600 0.208400 0.024200 0.094200 
341.500000 0.602700 0.070900 0.208300 0.023800 0.094300 
342.000000 0.603400 0.069900 0.208200 0.024000 0.094500 
342.500000 0.605000 0.068400 0.209800 0.021700 0.095100 
343.000000 0.605500 0.068300 0.208800 0.021900 0.095500 
343.500000 0.603400 0.070500 0.208700 0.021900 0.095500 
344.000000 0.604000 0.070600 0.206300 0.023000 0.096100 
344.500000 0.603100 0.071900 0.204800 0.023900 0.096300 
345.000000 0.604400 0.070600 0.204500 0.024100 0.096400 
345.500000 0.602800 0.071900 0.205300 0.023700 0.096300 
346.000000 0.602500 0.072600 0.206400 0.022000 0.096500 
346.500000 0.601300 0.074100 0.205900 0.022100 0.096600 
347.000000 0.602000 0.074100 0.205300 0.021600 0.097000 
347.500000 0.600200 0.075800 0.205900 0.021300 0.096800 
348.000000 0.601300 0.075200 0.205800 0.020700 0.097000 
348.500000 0.604000 0.072600 0.206100 0.020300 0.097000 
349.000000 0.604600 0.071900 0.205500 0.021200 0.096800 
349.500000 0.603900 0.073200 0.204900 0.020600 0.097400 
350.000000 0.604000 0.073000 0.205200 0.020400 0.097400 
350.500000 0.605600 0.071800 0.205000 0.019900 0.097700 
351.000000 0.603000 0.074500 0.204600 0.020100 0.097800 
351.500000 0.603600 0.074100 0.204100 0.019900 0.098300 
352.000000 0.604200 0.074000 0.203700 0.019600 0.098500 
