0.000000 0.481720 0.086022 0.261649 0.160573 0.010036 
0.500000 0.470968 0.096774 0.248746 0.173477 0.010036 
1.000000 0.464516 0.104659 0.254480 0.166308 0.010036 
1.500000 0.472401 0.096774 0.260215 0.160573 0.010036 
2.000000 0.463799 0.103943 0.261649 0.159857 0.010753 
2.500000 0.464516 0.101792 0.260932 0.162007 0.010753 
3.000000 0.461649 0.105376 0.260932 0.161290 0.010753 
3.500000 0.469534 0.096774 0.249462 0.173477 0.010753 
4.000000 0.468100 0.099642 0.248029 0.173477 0.010753 
4.500000 0.467384 0.101792 0.253047 0.167025 0.010753 
5.000000 0.470968 0.098208 0.244444 0.175627 0.010753 
5.500000 0.461649 0.106093 0.249462 0.172043 0.010753 
6.000000 0.458065 0.108244 0.251613 0.171326 0.010753 
6.500000 0.453763 0.112545 0.247312 0.175627 0.010753 
7.000000 0.453763 0.112545 0.245878 0.177061 0.010753 
7.500000 0.458781 0.106810 0.249462 0.174194 0.010753 
8.000000 0.459498 0.105376 0.243728 0.180645 0.010753 
8.500000 0.465233 0.099642 0.250179 0.174194 0.010753 
9.000000 0.457348 0.105376 0.243011 0.182079 0.012186 
9.500000 0.460932 0.101792 0.243011 0.182796 0.011470 
10.000000 0.458781 0.106093 0.244444 0.178495 0.012186 
10.500000 0.450179 0.114695 0.250896 0.172043 0.012186 
11.000000 0.443728 0.121147 0.243728 0.179211 0.012186 
11.500000 0.440860 0.126165 0.247312 0.173477 0.012186 
12.000000 0.448029 0.117563 0.243011 0.178495 0.012903 
12.500000 0.458065 0.111111 0.236559 0.181362 0.012903 
13.000000 0.455914 0.114695 0.246595 0.170609 0.012186 
13.500000 0.450896 0.118280 0.248029 0.170609 0.012186 
14.000000 0.460932 0.108244 0.254480 0.164158 0.012186 
14.500000 0.459498 0.110394 0.252330 0.164875 0.012903 
15.000000 0.455914 0.111111 0.253047 0.167025 0.012903 
15.500000 0.458781 0.111111 0.255197 0.162007 0.012903 
16.000000 0.453047 0.117563 0.255914 0.159857 0.013620 
16.500000 0.463799 0.108244 0.257348 0.156272 0.014337 
17.000000 0.457348 0.116129 0.255914 0.154122 0.016487 
17.500000 0.465950 0.108244 0.260932 0.149104 0.015771 
18.000000 0.458781 0.116846 0.263799 0.143369 0.017204 
18.500000 0.454480 0.123297 0.261649 0.142652 0.017921 
19.000000 0.463082 0.113262 0.264516 0.141219 0.017921 
19.500000 0.453047 0.124731 0.266667 0.137634 0.017921 
20.000000 0.454480 0.126165 0.259498 0.141935 0.017921 
20.500000 0.458065 0.125448 0.258781 0.138351 0.019355 
21.000000 0.454480 0.130466 0.263799 0.130466 0.020789 
21.500000 0.456631 0.126882 0.262366 0.131900 0.022222 
22.000000 0.453047 0.132616 0.260215 0.129032 0.025090 
22.500000 0.453763 0.134050 0.261649 0.125448 0.025090 
23.000000 0.453047 0.131900 0.263082 0.126882 0.025090 
23.500000 0.462366 0.126882 0.264516 0.120430 0.025806 
24.000000 0.460215 0.130466 0.264516 0.118996 0.025806 
24.500000 0.472401 0.121864 0.267384 0.109677 0.028674 
25.000000 0.462366 0.129749 0.269534 0.108961 0.029391 
25.500000 0.463799 0.129032 0.268100 0.108961 0.030108 
26.000000 0.464516 0.129032 0.273118 0.103226 0.030108 
26.500000 0.473118 0.123297 0.274552 0.097491 0.031541 
27.000000 0.476703 0.120430 0.270968 0.098208 0.033692 
27.500000 0.478136 0.118280 0.270251 0.098925 0.034409 
28.000000 0.484588 0.113978 0.275986 0.091756 0.033692 
28.500000 0.482437 0.120430 0.277419 0.086022 0.033692 
29.000000 0.488172 0.116846 0.274552 0.086022 0.034409 
29.500000 0.491039 0.116846 0.270251 0.087455 0.034409 
30.000000 0.494624 0.115412 0.270251 0.083871 0.035842 
30.500000 0.498925 0.111111 0.274552 0.079570 0.035842 
31.000000 0.498208 0.112545 0.272401 0.078136 0.038710 
31.500000 0.502509 0.109677 0.269534 0.078136 0.040143 
32.000000 0.502509 0.111828 0.269534 0.076703 0.039427 
32.500000 0.507527 0.108244 0.276703 0.068100 0.039427 
33.000000 0.511111 0.104659 0.277419 0.066667 0.040143 
33.500000 0.517563 0.102509 0.274552 0.063799 0.041577 
34.000000 0.513262 0.106093 0.273118 0.065233 0.042294 
34.500000 0.508244 0.113262 0.276703 0.058781 0.043011 
35.000000 0.508961 0.112545 0.273118 0.060215 0.045161 
35.500000 0.505376 0.116846 0.271685 0.061649 0.044444 
36.000000 0.501792 0.121864 0.268817 0.061649 0.045878 
36.500000 0.504659 0.122581 0.267384 0.058781 0.046595 
37.000000 0.503943 0.123297 0.268100 0.057348 0.047312 
37.500000 0.511111 0.116846 0.269534 0.055197 0.047312 
38.000000 0.511111 0.117563 0.272401 0.050896 0.048029 
38.500000 0.511828 0.116129 0.273118 0.050896 0.048029 
39.000000 0.511111 0.118996 0.267384 0.054480 0.048029 
39.500000 0.518996 0.111828 0.268817 0.051613 0.048746 
40.000000 0.516846 0.113262 0.268100 0.050896 0.050896 
40.500000 0.526165 0.103943 0.271685 0.048746 0.049462 
41.000000 0.531900 0.100358 0.268100 0.048029 0.051613 
41.500000 0.525448 0.106810 0.268817 0.046595 0.052330 
42.000000 0.526165 0.104659 0.268817 0.046595 0.053763 
42.500000 0.530466 0.103226 0.273118 0.039427 0.053763 
43.000000 0.531900 0.101792 0.275269 0.037276 0.053763 
43.500000 0.534050 0.100358 0.274552 0.037276 0.053763 
44.000000 0.535484 0.098925 0.272401 0.038710 0.054480 
44.500000 0.534767 0.101075 0.273835 0.033692 0.056631 
45.000000 0.531183 0.105376 0.277419 0.030824 0.055197 
45.500000 0.534050 0.101792 0.276703 0.031541 0.055914 
46.000000 0.536918 0.097491 0.275986 0.032975 0.056631 
46.500000 0.536201 0.101075 0.274552 0.030824 0.057348 
47.000000 0.535484 0.101075 0.275986 0.030108 0.057348 
47.500000 0.535484 0.101075 0.273118 0.032258 0.058065 
48.000000 0.541935 0.094624 0.273835 0.030108 0.059498 
48.500000 0.549104 0.089606 0.269534 0.031541 0.060215 
49.000000 0.542652 0.096774 0.268817 0.030824 0.060932 
49.500000 0.546237 0.091756 0.272401 0.027240 0.062366 
50.000000 0.553405 0.085305 0.269534 0.030108 0.061649 
50.500000 0.551254 0.090323 0.272401 0.023656 0.062366 
51.000000 0.552688 0.088172 0.270251 0.025806 0.063082 
51.500000 0.550538 0.090323 0.270968 0.024373 0.063799 
52.000000 0.553405 0.086022 0.267384 0.027240 0.065950 
52.500000 0.563441 0.078853 0.263799 0.025806 0.068100 
53.000000 0.554122 0.089606 0.261649 0.027240 0.067384 
53.500000 0.559140 0.083871 0.263799 0.025090 0.068100 
54.000000 0.558423 0.083871 0.260215 0.029391 0.068100 
54.500000 0.556989 0.087455 0.259498 0.027957 0.068100 
55.000000 0.564158 0.079570 0.263082 0.025090 0.068100 
55.500000 0.560573 0.083871 0.260932 0.025806 0.068817 
56.000000 0.562007 0.081004 0.258065 0.029391 0.069534 
56.500000 0.567025 0.076703 0.255197 0.029391 0.071685 
57.000000 0.564158 0.080287 0.253047 0.030824 0.071685 
57.500000 0.567742 0.077419 0.253763 0.028674 0.072401 
58.000000 0.567742 0.077419 0.254480 0.026523 0.073835 
58.500000 0.569176 0.075986 0.255197 0.024373 0.075269 
59.000000 0.572043 0.073835 0.255197 0.024373 0.074552 
59.500000 0.573477 0.072401 0.252330 0.026523 0.075269 
60.000000 0.569892 0.075986 0.254480 0.025090 0.074552 
60.500000 0.572760 0.073118 0.250896 0.027957 0.075269 
61.000000 0.582796 0.063799 0.254480 0.024373 0.074552 
61.500000 0.574910 0.070968 0.256631 0.022939 0.074552 
62.000000 0.572760 0.073835 0.251613 0.025806 0.075986 
62.500000 0.573477 0.072401 0.252330 0.025090 0.076703 
63.000000 0.571326 0.075986 0.253047 0.022222 0.077419 
63.500000 0.580645 0.065950 0.250896 0.024373 0.078136 
64.000000 0.582079 0.066667 0.249462 0.023656 0.078136 
64.500000 0.582796 0.066667 0.251613 0.020789 0.078136 
65.000000 0.577061 0.069534 0.250896 0.023656 0.078853 
65.500000 0.584229 0.064516 0.251613 0.020789 0.078853 
66.000000 0.571326 0.079570 0.250179 0.018638 0.080287 
66.500000 0.579928 0.070251 0.250179 0.019355 0.080287 
67.000000 0.584229 0.065233 0.250896 0.019355 0.080287 
67.500000 0.576344 0.075269 0.251613 0.015771 0.081004 
68.000000 0.582079 0.069534 0.253047 0.014337 0.081004 
68.500000 0.577778 0.073835 0.251613 0.015054 0.081720 
69.000000 0.586380 0.066667 0.247312 0.017204 0.082437 
69.500000 0.578495 0.073118 0.247312 0.017921 0.083154 
70.000000 0.590681 0.060215 0.247312 0.017921 0.083871 
70.500000 0.587097 0.063799 0.248029 0.017921 0.083154 
71.000000 0.589247 0.063082 0.245878 0.019355 0.082437 
71.500000 0.579928 0.072401 0.244444 0.020072 0.083154 
72.000000 0.577061 0.075269 0.243728 0.020789 0.083154 
72.500000 0.582796 0.069534 0.243728 0.020072 0.083871 
73.000000 0.582079 0.069534 0.245161 0.020072 0.083154 
73.500000 0.582079 0.070251 0.244444 0.020072 0.083154 
74.000000 0.581362 0.070251 0.244444 0.019355 0.084588 
74.500000 0.577061 0.075269 0.246595 0.015771 0.085305 
75.000000 0.584229 0.068100 0.245878 0.016487 0.085305 
75.500000 0.588530 0.063799 0.245161 0.017204 0.085305 
76.000000 0.590681 0.063082 0.242294 0.019355 0.084588 
76.500000 0.596416 0.057348 0.243728 0.017921 0.084588 
77.000000 0.585663 0.069534 0.243011 0.017204 0.084588 
77.500000 0.593548 0.061649 0.244444 0.015771 0.084588 
78.000000 0.579928 0.073835 0.245161 0.016487 0.084588 
78.500000 0.582796 0.072401 0.244444 0.015771 0.084588 
79.000000 0.583513 0.070968 0.243011 0.017921 0.084588 
79.500000 0.586380 0.066667 0.243011 0.018638 0.085305 
80.000000 0.583513 0.070968 0.239427 0.020789 0.085305 
80.500000 0.586380 0.067384 0.240143 0.020789 0.085305 
81.000000 0.592115 0.061649 0.238710 0.023656 0.083871 
81.500000 0.595699 0.057348 0.240860 0.021505 0.084588 
82.000000 0.592832 0.060932 0.240143 0.022222 0.083871 
82.500000 0.593548 0.060215 0.235842 0.024373 0.086022 
83.000000 0.587814 0.065233 0.237276 0.023656 0.086022 
83.500000 0.589964 0.064516 0.232975 0.027240 0.085305 
84.000000 0.592115 0.063082 0.231541 0.026523 0.086738 
84.500000 0.600717 0.055197 0.230824 0.027240 0.086022 
85.000000 0.594265 0.060215 0.231541 0.027240 0.086738 
85.500000 0.592115 0.060932 0.225806 0.033692 0.087455 
86.000000 0.589964 0.065233 0.220072 0.037276 0.087455 
86.500000 0.589247 0.065233 0.220789 0.037993 0.086738 
87.000000 0.581362 0.073118 0.220789 0.037993 0.086738 
87.500000 0.580645 0.073835 0.223656 0.034409 0.087455 
88.000000 0.577061 0.076703 0.223656 0.035842 0.086738 
88.500000 0.584229 0.071685 0.225090 0.031541 0.087455 
89.000000 0.581362 0.074552 0.225806 0.030824 0.087455 
89.500000 0.581362 0.073835 0.225090 0.031541 0.088172 
90.000000 0.581362 0.074552 0.227240 0.029391 0.087455 
90.500000 0.584946 0.071685 0.225090 0.030824 0.087455 
91.000000 0.579928 0.075986 0.220789 0.035842 0.087455 
91.500000 0.590681 0.065233 0.222222 0.035125 0.086738 
92.000000 0.577061 0.078853 0.222222 0.035125 0.086738 
92.500000 0.582796 0.071685 0.217921 0.040860 0.086738 
93.000000 0.586380 0.068817 0.212186 0.045878 0.086738 
93.500000 0.586380 0.068100 0.212903 0.045878 0.086738 
94.000000 0.584229 0.070251 0.214337 0.044444 0.086738 
94.500000 0.576344 0.078136 0.218638 0.040143 0.086738 
95.000000 0.572043 0.081720 0.217921 0.041577 0.086738 
95.500000 0.573477 0.080287 0.212903 0.046595 0.086738 
96.000000 0.573477 0.081004 0.210036 0.048746 0.086738 
96.500000 0.574910 0.079570 0.210036 0.048029 0.087455 
97.000000 0.579211 0.075986 0.208602 0.048746 0.087455 
97.500000 0.581362 0.073835 0.204301 0.053047 0.087455 
98.000000 0.574910 0.079570 0.206452 0.051613 0.087455 
98.500000 0.572043 0.081720 0.197849 0.060932 0.087455 
99.000000 0.577778 0.075269 0.201434 0.058065 0.087455 
99.500000 0.572043 0.081004 0.195699 0.064516 0.086738 
100.000000 0.572043 0.082437 0.191398 0.066667 0.087455 
100.500000 0.570609 0.082437 0.192115 0.068100 0.086738 
101.000000 0.569892 0.083154 0.193548 0.065950 0.087455 
101.500000 0.568459 0.084588 0.187814 0.071685 0.087455 
102.000000 0.572760 0.080287 0.178495 0.081720 0.086738 
102.500000 0.570609 0.080287 0.179928 0.082437 0.086738 
103.000000 0.567025 0.086022 0.172760 0.087455 0.086738 
103.500000 0.558423 0.094624 0.169892 0.090323 0.086738 
104.000000 0.559857 0.092473 0.162007 0.099642 0.086022 
104.500000 0.554122 0.098208 0.162007 0.098925 0.086738 
105.000000 0.551254 0.099642 0.159857 0.102509 0.086738 
105.500000 0.541219 0.108961 0.151971 0.111111 0.086738 
106.000000 0.526165 0.121864 0.157706 0.107527 0.086738 
106.500000 0.521147 0.127599 0.146237 0.118280 0.086738 
107.000000 0.524731 0.124014 0.151971 0.112545 0.086738 
107.500000 0.521864 0.123297 0.149821 0.118280 0.086738 
108.000000 0.506810 0.136201 0.142652 0.127599 0.086738 
108.500000 0.505376 0.140502 0.149104 0.118996 0.086022 
109.000000 0.505376 0.141219 0.149104 0.117563 0.086738 
109.500000 0.502509 0.141219 0.146237 0.123297 0.086738 
110.000000 0.492473 0.150538 0.144086 0.126165 0.086738 
110.500000 0.491756 0.151254 0.144803 0.125448 0.086738 
111.000000 0.492473 0.147670 0.144086 0.128315 0.087455 
111.500000 0.480287 0.157706 0.144803 0.130466 0.086738 
112.000000 0.482437 0.152688 0.137634 0.140502 0.086738 
112.500000 0.479570 0.151971 0.131183 0.150538 0.086738 
113.000000 0.483871 0.146953 0.127599 0.154839 0.086738 
113.500000 0.473835 0.155556 0.129749 0.154839 0.086022 
114.000000 0.468100 0.156989 0.129032 0.159140 0.086738 
114.500000 0.457348 0.168459 0.126165 0.159857 0.088172 
115.000000 0.456631 0.166308 0.126165 0.163441 0.087455 
115.500000 0.447312 0.177061 0.125448 0.162724 0.087455 
116.000000 0.441577 0.177778 0.128315 0.164158 0.088172 
116.500000 0.445878 0.172043 0.128315 0.164875 0.088889 
117.000000 0.437993 0.179211 0.129032 0.165591 0.088172 
117.500000 0.427957 0.189964 0.134767 0.159140 0.088172 
118.000000 0.436559 0.181362 0.129032 0.164875 0.088172 
118.500000 0.433692 0.187097 0.131183 0.159140 0.088889 
119.000000 0.422222 0.194982 0.139068 0.154839 0.088889 
119.500000 0.437276 0.179928 0.141219 0.153405 0.088172 
120.000000 0.434409 0.185663 0.148387 0.142652 0.088889 
120.500000 0.423656 0.192115 0.155556 0.139785 0.088889 
121.000000 0.416487 0.197849 0.150538 0.144086 0.091039 
121.500000 0.430108 0.184229 0.150538 0.142652 0.092473 
122.000000 0.427240 0.188530 0.154122 0.136201 0.093907 
122.500000 0.414337 0.199283 0.159857 0.133333 0.093190 
123.000000 0.422222 0.189964 0.162007 0.131900 0.093907 
123.500000 0.424373 0.190681 0.164875 0.125448 0.094624 
124.000000 0.422939 0.189247 0.164158 0.129032 0.094624 
124.500000 0.430824 0.181362 0.162007 0.129032 0.096774 
125.000000 0.426523 0.189247 0.162007 0.124014 0.098208 
125.500000 0.437993 0.179928 0.168459 0.116129 0.097491 
126.000000 0.439427 0.178495 0.169176 0.114695 0.098208 
126.500000 0.434409 0.184946 0.172043 0.108961 0.099642 
127.000000 0.446595 0.173477 0.172760 0.106093 0.101075 
127.500000 0.463082 0.158423 0.172760 0.104659 0.101075 
128.000000 0.456631 0.164875 0.171326 0.106093 0.101075 
128.500000 0.464516 0.163441 0.167742 0.100358 0.103943 
129.000000 0.461649 0.166308 0.164875 0.102509 0.104659 
129.500000 0.469534 0.161290 0.167025 0.097491 0.104659 
130.000000 0.460932 0.170609 0.169892 0.094624 0.103943 
130.500000 0.468100 0.165591 0.175627 0.086738 0.103943 
131.000000 0.477419 0.157706 0.174910 0.084588 0.105376 
131.500000 0.488172 0.148387 0.174910 0.081720 0.106810 
132.000000 0.489606 0.146953 0.172043 0.084588 0.106810 
132.500000 0.493190 0.145520 0.173477 0.081004 0.106810 
133.000000 0.492473 0.146237 0.172043 0.081004 0.108244 
133.500000 0.491039 0.149104 0.173477 0.077419 0.108961 
134.000000 0.491039 0.149104 0.178495 0.071685 0.109677 
134.500000 0.497491 0.146237 0.173477 0.071685 0.111111 
135.000000 0.504659 0.139785 0.176344 0.067384 0.111828 
135.500000 0.503943 0.144086 0.177778 0.063082 0.111111 
136.000000 0.511111 0.139068 0.175627 0.062366 0.111828 
136.500000 0.518996 0.130466 0.176344 0.061649 0.112545 
137.000000 0.519713 0.131183 0.175627 0.060932 0.112545 
137.500000 0.513262 0.138351 0.174194 0.060932 0.113262 
138.000000 0.519713 0.132616 0.172760 0.062366 0.112545 
138.500000 0.524014 0.129749 0.171326 0.060932 0.113978 
139.000000 0.531183 0.120430 0.177061 0.058065 0.113262 
139.500000 0.529749 0.124731 0.176344 0.056631 0.112545 
140.000000 0.533333 0.123297 0.174910 0.053763 0.114695 
140.500000 0.527599 0.129749 0.176344 0.050896 0.115412 
141.000000 0.536201 0.121147 0.176344 0.050896 0.115412 
141.500000 0.531900 0.126165 0.175627 0.048746 0.117563 
142.000000 0.529032 0.128315 0.174910 0.049462 0.118280 
142.500000 0.536918 0.120430 0.177778 0.047312 0.117563 
143.000000 0.541935 0.116846 0.177778 0.045878 0.117563 
143.500000 0.539068 0.118996 0.176344 0.047312 0.118280 
144.000000 0.539068 0.118996 0.174194 0.049462 0.118280 
144.500000 0.546237 0.111828 0.176344 0.048029 0.117563 
145.000000 0.542652 0.118280 0.173477 0.047312 0.118280 
145.500000 0.541219 0.119713 0.174194 0.046595 0.118280 
146.000000 0.549104 0.113262 0.173477 0.045161 0.118996 
146.500000 0.552688 0.110394 0.170609 0.046595 0.119713 
147.000000 0.551254 0.111828 0.173477 0.043728 0.119713 
147.500000 0.555556 0.106810 0.177061 0.041577 0.118996 
148.000000 0.561290 0.101792 0.176344 0.041577 0.118996 
148.500000 0.558423 0.104659 0.177061 0.040860 0.118996 
149.000000 0.560573 0.105376 0.174194 0.039427 0.120430 
149.500000 0.566308 0.099642 0.171326 0.042294 0.120430 
150.000000 0.568459 0.097491 0.170609 0.043011 0.120430 
150.500000 0.567742 0.098208 0.170609 0.043011 0.120430 
151.000000 0.567742 0.098208 0.173477 0.039427 0.121147 
151.500000 0.572043 0.094624 0.169892 0.040860 0.122581 
152.000000 0.567742 0.099642 0.169892 0.038710 0.124014 
152.500000 0.574910 0.092473 0.169892 0.037993 0.124731 
153.000000 0.576344 0.090323 0.169176 0.039427 0.124731 
153.500000 0.574194 0.092473 0.166308 0.040860 0.126165 
154.000000 0.574194 0.092473 0.163441 0.042294 0.127599 
154.500000 0.577778 0.088889 0.167025 0.040860 0.125448 
155.000000 0.576344 0.090323 0.170609 0.036559 0.126165 
155.500000 0.577778 0.089606 0.167742 0.038710 0.126165 
156.000000 0.573477 0.095341 0.170609 0.034409 0.126165 
156.500000 0.580645 0.088172 0.169892 0.035125 0.126165 
157.000000 0.579211 0.090323 0.170609 0.034409 0.125448 
157.500000 0.575627 0.093907 0.173477 0.030824 0.126165 
158.000000 0.574910 0.095341 0.171326 0.032975 0.125448 
158.500000 0.583513 0.087455 0.169176 0.033692 0.126165 
159.000000 0.584229 0.086738 0.167025 0.034409 0.127599 
159.500000 0.579928 0.091039 0.170609 0.030824 0.127599 
160.000000 0.575627 0.094624 0.169176 0.031541 0.129032 
160.500000 0.579211 0.091756 0.164875 0.033692 0.130466 
161.000000 0.583513 0.087455 0.167025 0.030824 0.131183 
161.500000 0.592115 0.080287 0.164875 0.032975 0.129749 
162.000000 0.587814 0.086022 0.164875 0.030824 0.130466 
162.500000 0.588530 0.087455 0.164875 0.027957 0.131183 
163.000000 0.588530 0.087455 0.163441 0.030824 0.129749 
163.500000 0.590681 0.085305 0.162007 0.031541 0.130466 
164.000000 0.597133 0.080287 0.160573 0.031541 0.130466 
164.500000 0.590681 0.086022 0.162724 0.027957 0.132616 
165.000000 0.593548 0.084588 0.163441 0.024373 0.134050 
165.500000 0.588530 0.089606 0.162724 0.025806 0.133333 
166.000000 0.592115 0.086738 0.162007 0.025806 0.133333 
166.500000 0.588530 0.089606 0.163441 0.025090 0.133333 
167.000000 0.592832 0.086022 0.162724 0.025090 0.133333 
167.500000 0.597133 0.082437 0.160573 0.026523 0.133333 
168.000000 0.594982 0.083871 0.163441 0.024373 0.133333 
168.500000 0.602151 0.076703 0.163441 0.024373 0.133333 
169.000000 0.601434 0.078853 0.160573 0.026523 0.132616 
169.500000 0.598566 0.082437 0.157706 0.027240 0.134050 
170.000000 0.600000 0.080287 0.160573 0.025806 0.133333 
170.500000 0.602867 0.079570 0.159857 0.024373 0.133333 
171.000000 0.600000 0.082437 0.162007 0.023656 0.131900 
171.500000 0.606452 0.076703 0.161290 0.022222 0.133333 
172.000000 0.599283 0.083871 0.160573 0.022222 0.134050 
172.500000 0.599283 0.083871 0.159857 0.022939 0.134050 
173.000000 0.595699 0.090323 0.159140 0.022222 0.132616 
173.500000 0.602151 0.083154 0.158423 0.023656 0.132616 
174.000000 0.603584 0.081720 0.158423 0.022939 0.133333 
174.500000 0.600000 0.085305 0.159857 0.021505 0.133333 
175.000000 0.605018 0.080287 0.157706 0.023656 0.133333 
175.500000 0.607885 0.076703 0.159140 0.022939 0.133333 
176.000000 0.606452 0.079570 0.156989 0.023656 0.133333 
176.500000 0.620072 0.065950 0.157706 0.022939 0.133333 
177.000000 0.626523 0.060215 0.156272 0.023656 0.133333 
177.500000 0.617921 0.068100 0.156989 0.023656 0.133333 
178.000000 0.617921 0.069534 0.152688 0.025090 0.134767 
178.500000 0.610036 0.076703 0.151971 0.026523 0.134767 
179.000000 0.617921 0.067384 0.154122 0.026523 0.134050 
179.500000 0.614337 0.071685 0.152688 0.027957 0.133333 
180.000000 0.610753 0.075269 0.159140 0.021505 0.133333 
180.500000 0.612186 0.073835 0.156989 0.023656 0.133333 
181.000000 0.615771 0.070251 0.159857 0.021505 0.132616 
181.500000 0.611470 0.074552 0.157706 0.023656 0.132616 
182.000000 0.610753 0.075986 0.154839 0.025806 0.132616 
182.500000 0.608602 0.077419 0.156272 0.025090 0.132616 
183.000000 0.607885 0.077419 0.156989 0.025090 0.132616 
183.500000 0.609319 0.075986 0.154122 0.027957 0.132616 
184.000000 0.607885 0.077419 0.156989 0.025090 0.132616 
184.500000 0.604301 0.080287 0.154122 0.028674 0.132616 
185.000000 0.606452 0.078853 0.155556 0.026523 0.132616 
185.500000 0.610753 0.071685 0.159140 0.025806 0.132616 
186.000000 0.606452 0.078853 0.157706 0.024373 0.132616 
186.500000 0.609319 0.074552 0.159857 0.023656 0.132616 
187.000000 0.612903 0.072401 0.157706 0.024373 0.132616 
187.500000 0.612903 0.070968 0.158423 0.024373 0.133333 
188.000000 0.612186 0.072401 0.155556 0.025806 0.134050 
188.500000 0.615771 0.069534 0.152688 0.028674 0.133333 
189.000000 0.615771 0.069534 0.153405 0.027240 0.134050 
189.500000 0.616487 0.067384 0.151254 0.030824 0.134050 
190.000000 0.607168 0.077419 0.152688 0.029391 0.133333 
190.500000 0.612186 0.072401 0.155556 0.025806 0.134050 
191.000000 0.610036 0.074552 0.151971 0.030108 0.133333 
191.500000 0.614337 0.070251 0.154122 0.027957 0.133333 
192.000000 0.612186 0.072401 0.149104 0.032975 0.133333 
192.500000 0.612903 0.070968 0.151254 0.031541 0.133333 
193.000000 0.610036 0.073835 0.149104 0.032975 0.134050 
193.500000 0.607168 0.076703 0.144086 0.037993 0.134050 
194.000000 0.615054 0.068817 0.141935 0.040143 0.134050 
194.500000 0.612186 0.071685 0.139785 0.042294 0.134050 
195.000000 0.606452 0.075986 0.142652 0.041577 0.133333 
195.500000 0.600717 0.081720 0.139068 0.045161 0.133333 
196.000000 0.609319 0.073118 0.138351 0.045878 0.133333 
196.500000 0.597849 0.083154 0.139068 0.046595 0.133333 
197.000000 0.589964 0.091756 0.136201 0.048746 0.133333 
197.500000 0.594265 0.086738 0.134050 0.051613 0.133333 
198.000000 0.579928 0.101075 0.131900 0.053763 0.133333 
198.500000 0.582796 0.096774 0.135484 0.052330 0.132616 
199.000000 0.586380 0.094624 0.126165 0.060215 0.132616 
199.500000 0.589964 0.091756 0.129749 0.055914 0.132616 
200.000000 0.591398 0.090323 0.121864 0.063799 0.132616 
200.500000 0.591398 0.091039 0.126882 0.058781 0.131900 
201.000000 0.589247 0.090323 0.131900 0.057348 0.131183 
201.500000 0.592832 0.088889 0.126882 0.060932 0.130466 
202.000000 0.594982 0.086022 0.127599 0.060932 0.130466 
202.500000 0.582079 0.096774 0.132616 0.058781 0.129749 
203.000000 0.572760 0.104659 0.131900 0.060215 0.130466 
203.500000 0.565591 0.110394 0.129032 0.064516 0.130466 
204.000000 0.569892 0.104659 0.129749 0.065233 0.130466 
204.500000 0.565591 0.109677 0.122581 0.072401 0.129749 
205.000000 0.569892 0.104659 0.117563 0.078136 0.129749 
205.500000 0.568459 0.104659 0.121864 0.076703 0.128315 
206.000000 0.557706 0.114695 0.113978 0.083871 0.129749 
206.500000 0.563441 0.110394 0.113262 0.083154 0.129749 
207.000000 0.557706 0.113978 0.111828 0.086738 0.129749 
207.500000 0.546953 0.123297 0.106810 0.093190 0.129749 
208.000000 0.546953 0.123297 0.108961 0.091756 0.129032 
208.500000 0.541219 0.129749 0.104659 0.094624 0.129749 
209.000000 0.537634 0.128315 0.103226 0.101075 0.129749 
209.500000 0.531900 0.132616 0.101075 0.104659 0.129749 
210.000000 0.527599 0.135484 0.102509 0.104659 0.129749 
210.500000 0.523297 0.138351 0.098208 0.110394 0.129749 
211.000000 0.520430 0.140502 0.102509 0.106810 0.129749 
211.500000 0.506093 0.151971 0.106093 0.106093 0.129749 
212.000000 0.496057 0.163441 0.106093 0.105376 0.129032 
212.500000 0.499642 0.156272 0.103226 0.111828 0.129032 
213.000000 0.501075 0.152688 0.107527 0.110394 0.128315 
213.500000 0.488172 0.167025 0.106093 0.110394 0.128315 
214.000000 0.481720 0.172760 0.103226 0.113262 0.129032 
214.500000 0.473118 0.181362 0.111828 0.103943 0.129749 
215.000000 0.475986 0.176344 0.111111 0.106093 0.130466 
215.500000 0.464516 0.187097 0.111828 0.106093 0.130466 
216.000000 0.472401 0.179211 0.106810 0.111111 0.130466 
216.500000 0.465950 0.184229 0.116129 0.102509 0.131183 
217.000000 0.468817 0.182079 0.111111 0.106810 0.131183 
217.500000 0.463799 0.187814 0.113978 0.104659 0.129749 
218.000000 0.465950 0.185663 0.121147 0.099642 0.127599 
218.500000 0.465950 0.185663 0.120430 0.098925 0.129032 
219.000000 0.459498 0.192832 0.121147 0.096057 0.130466 
219.500000 0.460932 0.188530 0.119713 0.099642 0.131183 
220.000000 0.463799 0.184229 0.129032 0.091039 0.131900 
220.500000 0.459498 0.184229 0.133333 0.090323 0.132616 
221.000000 0.455914 0.189964 0.133333 0.087455 0.133333 
221.500000 0.461649 0.184229 0.127599 0.093907 0.132616 
222.000000 0.466667 0.178495 0.131900 0.088889 0.134050 
222.500000 0.468100 0.177778 0.129749 0.089606 0.134767 
223.000000 0.470251 0.175627 0.129032 0.089606 0.135484 
223.500000 0.470968 0.173477 0.129749 0.090323 0.135484 
224.000000 0.460932 0.183513 0.130466 0.088889 0.136201 
224.500000 0.470251 0.174910 0.129749 0.087455 0.137634 
225.000000 0.477419 0.168459 0.130466 0.086022 0.137634 
225.500000 0.473835 0.169892 0.136918 0.082437 0.136918 
226.000000 0.472401 0.172760 0.135484 0.083154 0.136201 
226.500000 0.469534 0.173477 0.139068 0.081720 0.136201 
227.000000 0.480287 0.165591 0.136201 0.081004 0.136918 
227.500000 0.468100 0.177778 0.140502 0.077419 0.136201 
228.000000 0.470251 0.174910 0.141219 0.077419 0.136201 
228.500000 0.470968 0.176344 0.145520 0.070968 0.136201 
229.000000 0.478136 0.169176 0.143369 0.073835 0.135484 
229.500000 0.470251 0.179928 0.148387 0.065233 0.136201 
230.000000 0.479570 0.169176 0.148387 0.065233 0.137634 
230.500000 0.487455 0.160573 0.149104 0.065233 0.137634 
231.000000 0.488172 0.160573 0.149821 0.063082 0.138351 
231.500000 0.496774 0.152688 0.150538 0.061649 0.138351 
232.000000 0.500358 0.149821 0.150538 0.060932 0.138351 
232.500000 0.510394 0.142652 0.152688 0.055914 0.138351 
233.000000 0.501075 0.151254 0.151254 0.058065 0.138351 
233.500000 0.507527 0.144086 0.153405 0.057348 0.137634 
234.000000 0.508961 0.141219 0.155556 0.056631 0.137634 
234.500000 0.516129 0.136201 0.156989 0.052330 0.138351 
235.000000 0.524731 0.129032 0.157706 0.050179 0.138351 
235.500000 0.522581 0.130466 0.159140 0.049462 0.138351 
236.000000 0.524731 0.130466 0.159857 0.046595 0.138351 
236.500000 0.520430 0.133333 0.162007 0.045878 0.138351 
237.000000 0.525448 0.129749 0.159857 0.046595 0.138351 
237.500000 0.532616 0.122581 0.159857 0.045878 0.139068 
238.000000 0.530466 0.124731 0.158423 0.047312 0.139068 
238.500000 0.536201 0.119713 0.160573 0.043728 0.139785 
239.000000 0.538351 0.118996 0.163441 0.039427 0.139785 
239.500000 0.538351 0.117563 0.165591 0.038710 0.139785 
240.000000 0.543369 0.114695 0.162007 0.039427 0.140502 
240.500000 0.544803 0.114695 0.160573 0.039427 0.140502 
241.000000 0.547670 0.111111 0.163441 0.036559 0.141219 
241.500000 0.562724 0.098925 0.164158 0.033692 0.140502 
242.000000 0.554839 0.106810 0.162724 0.034409 0.141219 
242.500000 0.544803 0.117563 0.160573 0.035125 0.141935 
243.000000 0.551971 0.111111 0.159857 0.037276 0.139785 
243.500000 0.548387 0.114695 0.161290 0.035125 0.140502 
244.000000 0.555556 0.108961 0.163441 0.032258 0.139785 
244.500000 0.556989 0.106810 0.164158 0.032975 0.139068 
245.000000 0.559857 0.103943 0.164875 0.030824 0.140502 
245.500000 0.556989 0.106810 0.167025 0.028674 0.140502 
246.000000 0.557706 0.108244 0.164875 0.027957 0.141219 
246.500000 0.552688 0.113262 0.166308 0.025806 0.141935 
247.000000 0.554839 0.111111 0.167025 0.026523 0.140502 
247.500000 0.562007 0.104659 0.167025 0.025806 0.140502 
248.000000 0.569892 0.098208 0.164875 0.025806 0.141219 
248.500000 0.576344 0.091039 0.161290 0.030108 0.141219 
249.000000 0.568459 0.100358 0.161290 0.028674 0.141219 
249.500000 0.575627 0.093907 0.163441 0.026523 0.140502 
250.000000 0.579211 0.090323 0.164158 0.025806 0.140502 
250.500000 0.573477 0.096057 0.164875 0.025806 0.139785 
251.000000 0.582796 0.088172 0.162724 0.024373 0.141935 
251.500000 0.569176 0.098208 0.167025 0.025090 0.140502 
252.000000 0.575627 0.094624 0.164158 0.024373 0.141219 
252.500000 0.573477 0.096774 0.164158 0.022939 0.142652 
253.000000 0.569892 0.099642 0.165591 0.023656 0.141219 
253.500000 0.589247 0.081004 0.167025 0.021505 0.141219 
254.000000 0.584946 0.086738 0.165591 0.019355 0.143369 
254.500000 0.590681 0.082437 0.164875 0.019355 0.142652 
255.000000 0.591398 0.081004 0.164875 0.020789 0.141935 
255.500000 0.594982 0.075269 0.168459 0.017921 0.143369 
256.000000 0.587097 0.083154 0.164875 0.022222 0.142652 
256.500000 0.591398 0.081004 0.164158 0.020789 0.142652 
257.000000 0.585663 0.087455 0.160573 0.023656 0.142652 
257.500000 0.588530 0.085305 0.164875 0.018638 0.142652 
258.000000 0.589964 0.085305 0.162007 0.019355 0.143369 
258.500000 0.589964 0.082437 0.162007 0.021505 0.144086 
259.000000 0.593548 0.081720 0.161290 0.019355 0.144086 
259.500000 0.593548 0.081720 0.164158 0.016487 0.144086 
260.000000 0.602867 0.073118 0.165591 0.015771 0.142652 
260.500000 0.602867 0.072401 0.165591 0.015054 0.144086 
261.000000 0.592115 0.083871 0.165591 0.015054 0.143369 
261.500000 0.593548 0.082437 0.163441 0.017204 0.143369 
262.000000 0.594265 0.081720 0.163441 0.015771 0.144803 
262.500000 0.597849 0.078853 0.162007 0.016487 0.144803 
263.000000 0.600000 0.076703 0.162724 0.015771 0.144803 
263.500000 0.596416 0.080287 0.162724 0.015771 0.144803 
264.000000 0.600717 0.075986 0.161290 0.017204 0.144803 
264.500000 0.607168 0.069534 0.162724 0.016487 0.144086 
265.000000 0.602151 0.074552 0.163441 0.015054 0.144803 
265.500000 0.602151 0.074552 0.162724 0.015771 0.144803 
266.000000 0.610036 0.067384 0.162007 0.016487 0.144086 
266.500000 0.604301 0.072401 0.163441 0.016487 0.143369 
267.000000 0.605735 0.071685 0.162007 0.016487 0.144086 
267.500000 0.606452 0.070968 0.164158 0.014337 0.144086 
268.000000 0.607168 0.069534 0.163441 0.015771 0.144086 
268.500000 0.600000 0.077419 0.162724 0.015054 0.144803 
269.000000 0.602151 0.074552 0.163441 0.015054 0.144803 
269.500000 0.601434 0.075986 0.162724 0.014337 0.145520 
270.000000 0.605735 0.071685 0.162724 0.014337 0.145520 
270.500000 0.607168 0.070968 0.163441 0.012903 0.145520 
271.000000 0.611470 0.068100 0.162007 0.012903 0.145520 
271.500000 0.608602 0.069534 0.163441 0.012903 0.145520 
272.000000 0.609319 0.068817 0.163441 0.012903 0.145520 
272.500000 0.609319 0.068817 0.161290 0.014337 0.146237 
273.000000 0.607885 0.069534 0.162724 0.013620 0.146237 
273.500000 0.607885 0.069534 0.161290 0.015771 0.145520 
274.000000 0.607885 0.070968 0.160573 0.014337 0.146237 
274.500000 0.607168 0.070968 0.159857 0.015771 0.146237 
275.000000 0.611470 0.065950 0.161290 0.014337 0.146953 
275.500000 0.615054 0.061649 0.159857 0.017204 0.146237 
276.000000 0.612186 0.065233 0.161290 0.014337 0.146953 
276.500000 0.615054 0.062366 0.162007 0.014337 0.146237 
277.000000 0.619355 0.060215 0.159140 0.015054 0.146237 
277.500000 0.616487 0.061649 0.162007 0.013620 0.146237 
278.000000 0.617204 0.061649 0.163441 0.011470 0.146237 
278.500000 0.620072 0.059498 0.161290 0.012903 0.146237 
279.000000 0.617204 0.062366 0.162007 0.012186 0.146237 
279.500000 0.616487 0.063799 0.162007 0.011470 0.146237 
280.000000 0.610753 0.068817 0.161290 0.012903 0.146237 
280.500000 0.615054 0.064516 0.162724 0.011470 0.146237 
281.000000 0.613620 0.065233 0.160573 0.015054 0.145520 
281.500000 0.614337 0.065233 0.161290 0.014337 0.144803 
282.000000 0.614337 0.064516 0.160573 0.015054 0.145520 
282.500000 0.608602 0.069534 0.158423 0.017921 0.145520 
283.000000 0.609319 0.070251 0.159140 0.016487 0.144803 
283.500000 0.614337 0.064516 0.159140 0.016487 0.145520 
284.000000 0.615054 0.064516 0.158423 0.016487 0.145520 
284.500000 0.620072 0.059498 0.158423 0.016487 0.145520 
285.000000 0.607885 0.072401 0.157706 0.016487 0.145520 
285.500000 0.611470 0.067384 0.156989 0.018638 0.145520 
286.000000 0.610036 0.069534 0.157706 0.017204 0.145520 
286.500000 0.609319 0.070251 0.155556 0.019355 0.145520 
287.000000 0.609319 0.070251 0.153405 0.021505 0.145520 
287.500000 0.601434 0.078136 0.154122 0.021505 0.144803 
288.000000 0.605735 0.073835 0.154122 0.020789 0.145520 
288.500000 0.603584 0.075986 0.149821 0.025090 0.145520 
289.000000 0.604301 0.075986 0.149821 0.024373 0.145520 
289.500000 0.604301 0.075269 0.154122 0.021505 0.144803 
290.000000 0.605735 0.074552 0.152688 0.022222 0.144803 
290.500000 0.604301 0.075269 0.154122 0.021505 0.144803 
291.000000 0.613620 0.065950 0.149104 0.027957 0.143369 
291.500000 0.612903 0.068100 0.147670 0.027240 0.144086 
292.000000 0.609319 0.071685 0.146953 0.027957 0.144086 
292.500000 0.610036 0.070251 0.146237 0.029391 0.144086 
293.000000 0.615054 0.065233 0.141935 0.034409 0.143369 
293.500000 0.617921 0.063082 0.140502 0.035842 0.142652 
294.000000 0.613620 0.067384 0.142652 0.033692 0.142652 
294.500000 0.604301 0.077419 0.139785 0.035125 0.143369 
295.000000 0.610036 0.071685 0.139785 0.035125 0.143369 
295.500000 0.605735 0.075986 0.134050 0.040860 0.143369 
296.000000 0.603584 0.078136 0.131900 0.043011 0.143369 
296.500000 0.600000 0.081720 0.134767 0.040143 0.143369 
297.000000 0.598566 0.082437 0.136918 0.039427 0.142652 
297.500000 0.583513 0.096057 0.132616 0.045878 0.141935 
298.000000 0.605018 0.075269 0.130466 0.047312 0.141935 
298.500000 0.597133 0.082437 0.131183 0.047312 0.141935 
299.000000 0.610753 0.070251 0.130466 0.046595 0.141935 
299.500000 0.607885 0.072401 0.127599 0.050179 0.141935 
300.000000 0.604301 0.075986 0.124014 0.054480 0.141219 
300.500000 0.582796 0.097491 0.121147 0.058065 0.140502 
301.000000 0.596416 0.083154 0.124014 0.056631 0.139785 
301.500000 0.588530 0.090323 0.123297 0.057348 0.140502 
302.000000 0.584946 0.094624 0.124731 0.055914 0.139785 
302.500000 0.587814 0.090323 0.121147 0.060215 0.140502 
303.000000 0.574910 0.102509 0.119713 0.062366 0.140502 
303.500000 0.564158 0.110394 0.122581 0.063082 0.139785 
304.000000 0.579928 0.094624 0.121864 0.063082 0.140502 
304.500000 0.572760 0.101075 0.118280 0.068817 0.139068 
305.000000 0.564875 0.108244 0.116846 0.070968 0.139068 
305.500000 0.552688 0.121864 0.116129 0.070251 0.139068 
306.000000 0.552688 0.118996 0.116846 0.072401 0.139068 
306.500000 0.551971 0.121864 0.111111 0.075986 0.139068 
307.000000 0.541219 0.129032 0.111828 0.078853 0.139068 
307.500000 0.539068 0.133333 0.104659 0.083871 0.139068 
308.000000 0.537634 0.132616 0.108961 0.083154 0.137634 
308.500000 0.547670 0.123297 0.105376 0.085305 0.138351 
309.000000 0.551971 0.116129 0.103943 0.089606 0.138351 
309.500000 0.535484 0.128315 0.108244 0.091039 0.136918 
310.000000 0.521864 0.137634 0.104659 0.098925 0.136918 
310.500000 0.525448 0.134767 0.108244 0.094624 0.136918 
311.000000 0.521147 0.136918 0.100358 0.104659 0.136918 
311.500000 0.511828 0.141935 0.103226 0.106093 0.136918 
312.000000 0.506093 0.144803 0.103226 0.108244 0.137634 
312.500000 0.508244 0.138351 0.104659 0.111828 0.136918 
313.000000 0.492473 0.149821 0.103226 0.116846 0.137634 
313.500000 0.486022 0.154122 0.108244 0.114695 0.136918 
314.000000 0.486738 0.149104 0.105376 0.122581 0.136201 
314.500000 0.483154 0.148387 0.109677 0.122581 0.136201 
315.000000 0.476703 0.156989 0.108961 0.121864 0.135484 
315.500000 0.481720 0.149821 0.108961 0.124014 0.135484 
316.000000 0.489606 0.139785 0.112545 0.122581 0.135484 
316.500000 0.475986 0.154122 0.118996 0.116129 0.134767 
317.000000 0.463799 0.167025 0.118280 0.115412 0.135484 
317.500000 0.472401 0.159857 0.118996 0.113978 0.134767 
318.000000 0.462366 0.167025 0.118280 0.116846 0.135484 
318.500000 0.446595 0.180645 0.118996 0.118280 0.135484 
319.000000 0.448746 0.177061 0.124014 0.115412 0.134767 
319.500000 0.444444 0.184229 0.126882 0.108961 0.135484 
320.000000 0.445161 0.182796 0.131183 0.104659 0.136201 
320.500000 0.460215 0.167025 0.129032 0.107527 0.136201 
321.000000 0.465233 0.162007 0.129032 0.107527 0.136201 
321.500000 0.460215 0.166308 0.126165 0.110394 0.136918 
322.000000 0.456631 0.171326 0.126882 0.106093 0.139068 
322.500000 0.465233 0.159140 0.134050 0.103943 0.137634 
323.000000 0.460215 0.167742 0.134767 0.098208 0.139068 
323.500000 0.463799 0.162724 0.141935 0.092473 0.139068 
324.000000 0.467384 0.159857 0.142652 0.091039 0.139068 
324.500000 0.465233 0.163441 0.140502 0.092473 0.138351 
325.000000 0.474552 0.154122 0.137634 0.094624 0.139068 
325.500000 0.473118 0.154839 0.137634 0.094624 0.139785 
326.000000 0.478853 0.149104 0.134767 0.097491 0.139785 
326.500000 0.488889 0.144086 0.139785 0.086022 0.141219 
327.000000 0.488172 0.144803 0.142652 0.081720 0.142652 
327.500000 0.492473 0.138351 0.151254 0.075269 0.142652 
328.000000 0.497491 0.136201 0.145520 0.078136 0.142652 
328.500000 0.496057 0.139068 0.144086 0.077419 0.143369 
329.000000 0.494624 0.141935 0.143369 0.075269 0.144803 
329.500000 0.501792 0.136201 0.142652 0.073118 0.146237 
330.000000 0.508244 0.130466 0.146953 0.068100 0.146237 
330.500000 0.498208 0.139068 0.153405 0.063799 0.145520 
331.000000 0.511111 0.130466 0.149821 0.063799 0.144803 
331.500000 0.516129 0.126165 0.149821 0.065233 0.142652 
332.000000 0.511111 0.130466 0.151254 0.065233 0.141935 
332.500000 0.512545 0.129032 0.153405 0.063799 0.141219 
333.000000 0.518280 0.121864 0.154122 0.063799 0.141935 
333.500000 0.512545 0.129032 0.154839 0.060932 0.142652 
334.000000 0.529032 0.114695 0.159140 0.054480 0.142652 
334.500000 0.524731 0.118996 0.155556 0.056631 0.144086 
335.000000 0.518280 0.124731 0.156989 0.052330 0.147670 
335.500000 0.528315 0.116129 0.156989 0.051613 0.146953 
336.000000 0.524014 0.120430 0.159140 0.048029 0.148387 
336.500000 0.530466 0.118280 0.158423 0.045161 0.147670 
337.000000 0.526882 0.122581 0.158423 0.045161 0.146953 
337.500000 0.536918 0.111828 0.158423 0.045878 0.146953 
338.000000 0.530466 0.117563 0.160573 0.044444 0.146953 
338.500000 0.539068 0.108961 0.161290 0.043728 0.146953 
339.000000 0.539785 0.108961 0.162724 0.041577 0.146953 
339.500000 0.539068 0.112545 0.159857 0.042294 0.146237 
340.000000 0.540502 0.109677 0.162007 0.040860 0.146953 
340.500000 0.548387 0.102509 0.162724 0.038710 0.147670 
341.000000 0.556272 0.093907 0.162724 0.038710 0.148387 
341.500000 0.556989 0.093190 0.166308 0.035842 0.147670 
342.000000 0.551971 0.098925 0.164158 0.037276 0.147670 
342.500000 0.556272 0.093907 0.162724 0.037276 0.149821 
343.000000 0.566308 0.085305 0.158423 0.039427 0.150538 
343.500000 0.567742 0.084588 0.161290 0.036559 0.149821 
344.000000 0.560573 0.092473 0.164158 0.032975 0.149821 
344.500000 0.562724 0.091039 0.160573 0.035842 0.149821 
345.000000 0.560573 0.091756 0.163441 0.034409 0.149821 
345.500000 0.567025 0.086738 0.163441 0.032258 0.150538 
346.000000 0.563441 0.091039 0.165591 0.030108 0.149821 
346.500000 0.569892 0.088172 0.166308 0.025090 0.150538 
347.000000 0.578495 0.078853 0.166308 0.024373 0.151971 
347.500000 0.567742 0.089606 0.164158 0.026523 0.151971 
348.000000 0.572043 0.086022 0.162724 0.027240 0.151971 
348.500000 0.571326 0.086022 0.162007 0.027957 0.152688 
349.000000 0.567025 0.090323 0.162007 0.026523 0.154122 
349.500000 0.566308 0.091756 0.162007 0.025806 0.154122 
350.000000 0.569176 0.087455 0.162724 0.026523 0.154122 
350.500000 0.571326 0.084588 0.168459 0.022222 0.153405 
351.000000 0.576344 0.078136 0.169892 0.022939 0.152688 
351.500000 0.573477 0.081720 0.167742 0.022939 0.154122 
352.000000 0.576344 0.078136 0.168459 0.022939 0.154122 
