0.000000 0.442222 0.091556 0.282222 0.169778 0.014222 
0.500000 0.438889 0.094000 0.277778 0.174667 0.014667 
1.000000 0.424889 0.108889 0.267333 0.183333 0.015556 
1.500000 0.417111 0.118444 0.261778 0.185556 0.017111 
2.000000 0.411333 0.130222 0.256889 0.181556 0.020000 
2.500000 0.403111 0.145333 0.255778 0.170889 0.024889 
3.000000 0.400000 0.154222 0.252667 0.166000 0.027111 
3.500000 0.398889 0.161333 0.251778 0.156444 0.031556 
4.000000 0.402444 0.165333 0.251333 0.146000 0.034889 
4.500000 0.404667 0.166889 0.253778 0.136000 0.038667 
5.000000 0.410000 0.164222 0.257111 0.126667 0.042000 
5.500000 0.413111 0.166444 0.251111 0.124667 0.044667 
6.000000 0.420889 0.165111 0.249778 0.117556 0.046667 
6.500000 0.424000 0.166222 0.248889 0.110667 0.050222 
7.000000 0.429111 0.164667 0.248444 0.106222 0.051556 
7.500000 0.430444 0.165778 0.247111 0.103556 0.053111 
8.000000 0.432444 0.166000 0.247333 0.099556 0.054667 
8.500000 0.433556 0.167333 0.248000 0.095111 0.056000 
9.000000 0.442222 0.160222 0.247556 0.093778 0.056222 
9.500000 0.455333 0.151556 0.246667 0.088000 0.058444 
10.000000 0.458000 0.149556 0.249778 0.084222 0.058444 
10.500000 0.465556 0.143778 0.248000 0.082222 0.060444 
11.000000 0.465556 0.145556 0.244667 0.081778 0.062444 
11.500000 0.473111 0.138667 0.246667 0.078444 0.063111 
12.000000 0.475778 0.138444 0.244222 0.077556 0.064000 
12.500000 0.477556 0.136667 0.245111 0.075556 0.065111 
13.000000 0.477111 0.139556 0.245556 0.073111 0.064667 
13.500000 0.484444 0.134000 0.246667 0.068667 0.066222 
14.000000 0.490444 0.128667 0.244222 0.070222 0.066444 
14.500000 0.489556 0.130444 0.246889 0.065556 0.067556 
15.000000 0.493111 0.129111 0.244667 0.065111 0.068000 
15.500000 0.496667 0.126000 0.242889 0.064889 0.069556 
16.000000 0.497556 0.125111 0.245778 0.061556 0.070000 
16.500000 0.500444 0.124000 0.246889 0.058000 0.070667 
17.000000 0.497778 0.127333 0.245111 0.058444 0.071333 
17.500000 0.503111 0.122444 0.245333 0.057778 0.071333 
18.000000 0.509333 0.116889 0.244889 0.056667 0.072222 
18.500000 0.512889 0.114889 0.243111 0.056667 0.072444 
19.000000 0.510667 0.116667 0.244444 0.055778 0.072444 
19.500000 0.516444 0.112444 0.245333 0.052889 0.072889 
20.000000 0.519556 0.109778 0.246667 0.050889 0.073111 
20.500000 0.520889 0.109333 0.243333 0.052667 0.073778 
21.000000 0.528000 0.102222 0.242667 0.053333 0.073778 
21.500000 0.526000 0.104667 0.243556 0.051333 0.074444 
22.000000 0.527556 0.103333 0.244000 0.049778 0.075333 
22.500000 0.530667 0.101556 0.241111 0.051333 0.075333 
23.000000 0.532222 0.101111 0.241778 0.048889 0.076000 
23.500000 0.535556 0.099111 0.242444 0.046889 0.076000 
24.000000 0.535333 0.099333 0.242444 0.045778 0.077111 
24.500000 0.537556 0.097111 0.243778 0.043111 0.078444 
25.000000 0.538000 0.098000 0.242222 0.042667 0.079111 
25.500000 0.542222 0.095111 0.241111 0.042000 0.079556 
26.000000 0.538889 0.098000 0.242667 0.040444 0.080000 
26.500000 0.540444 0.096222 0.241111 0.041111 0.081111 
27.000000 0.542000 0.096222 0.240222 0.040444 0.081111 
27.500000 0.546000 0.092889 0.238889 0.040444 0.081778 
28.000000 0.548667 0.090444 0.241111 0.038444 0.081333 
28.500000 0.548000 0.091556 0.238667 0.039556 0.082222 
29.000000 0.548889 0.091111 0.238000 0.039556 0.082444 
29.500000 0.548000 0.091556 0.238222 0.040000 0.082222 
30.000000 0.548444 0.091778 0.239556 0.037111 0.083111 
30.500000 0.552444 0.088444 0.237778 0.038000 0.083333 
31.000000 0.552444 0.088222 0.237778 0.037556 0.084000 
31.500000 0.554000 0.086889 0.237333 0.036667 0.085111 
32.000000 0.554000 0.087778 0.236444 0.036444 0.085333 
32.500000 0.556222 0.086444 0.235333 0.036444 0.085556 
33.000000 0.558667 0.084889 0.235111 0.036000 0.085333 
33.500000 0.559111 0.084667 0.234667 0.035111 0.086444 
34.000000 0.557778 0.084889 0.236667 0.034000 0.086667 
34.500000 0.563333 0.079333 0.236444 0.033778 0.087111 
35.000000 0.567778 0.076444 0.236444 0.031778 0.087556 
35.500000 0.565778 0.078000 0.236889 0.031556 0.087778 
36.000000 0.566667 0.078444 0.235778 0.030667 0.088444 
36.500000 0.566667 0.078667 0.235333 0.031111 0.088222 
37.000000 0.564222 0.081778 0.234000 0.031111 0.088889 
37.500000 0.566889 0.080000 0.231556 0.032444 0.089111 
38.000000 0.572889 0.074000 0.232667 0.031333 0.089111 
38.500000 0.572000 0.075111 0.231333 0.030222 0.091333 
39.000000 0.570889 0.076889 0.233333 0.027778 0.091111 
39.500000 0.570444 0.078222 0.231111 0.028000 0.092222 
40.000000 0.573333 0.075778 0.232444 0.025556 0.092889 
40.500000 0.576889 0.072222 0.231778 0.025778 0.093333 
41.000000 0.577556 0.071778 0.232222 0.024444 0.094000 
41.500000 0.576444 0.072444 0.230222 0.026222 0.094667 
42.000000 0.578444 0.071333 0.228222 0.027333 0.094667 
42.500000 0.578667 0.071333 0.228667 0.026444 0.094889 
43.000000 0.579778 0.070889 0.230444 0.023778 0.095111 
43.500000 0.584889 0.066667 0.229111 0.024444 0.094889 
44.000000 0.583778 0.067778 0.229333 0.024000 0.095111 
44.500000 0.584444 0.067111 0.230000 0.022667 0.095778 
45.000000 0.584000 0.067778 0.229111 0.023333 0.095778 
45.500000 0.585333 0.066444 0.228667 0.023111 0.096444 
46.000000 0.581778 0.070444 0.226889 0.023778 0.097111 
46.500000 0.583333 0.068889 0.226444 0.024000 0.097333 
47.000000 0.582667 0.069778 0.227111 0.023111 0.097333 
47.500000 0.583111 0.070000 0.226889 0.022000 0.098000 
48.000000 0.583556 0.069556 0.226667 0.022000 0.098222 
48.500000 0.582444 0.071333 0.226667 0.020667 0.098889 
49.000000 0.584667 0.069778 0.227111 0.019778 0.098667 
49.500000 0.589778 0.067111 0.224667 0.019111 0.099333 
50.000000 0.589778 0.066444 0.224889 0.019778 0.099111 
50.500000 0.584889 0.071556 0.222889 0.021111 0.099556 
51.000000 0.589333 0.068000 0.222889 0.020222 0.099556 
51.500000 0.590444 0.067333 0.222667 0.019778 0.099778 
52.000000 0.594667 0.063556 0.223333 0.017556 0.100889 
52.500000 0.591556 0.067556 0.219333 0.019111 0.102444 
53.000000 0.594222 0.065111 0.218222 0.019333 0.103111 
53.500000 0.591333 0.068000 0.219333 0.018667 0.102667 
54.000000 0.594889 0.063778 0.218667 0.018667 0.104000 
54.500000 0.590222 0.068667 0.218000 0.018667 0.104444 
55.000000 0.591333 0.069111 0.218000 0.017111 0.104444 
55.500000 0.592444 0.067778 0.218222 0.016667 0.104889 
56.000000 0.592889 0.066889 0.216667 0.018444 0.105111 
56.500000 0.598667 0.062222 0.217111 0.017111 0.104889 
57.000000 0.596889 0.064444 0.216222 0.016444 0.106000 
57.500000 0.597111 0.064444 0.216444 0.015556 0.106444 
58.000000 0.598889 0.062889 0.213778 0.017111 0.107333 
58.500000 0.594444 0.068222 0.213778 0.015333 0.108222 
59.000000 0.595556 0.066667 0.215111 0.014000 0.108667 
59.500000 0.593111 0.069333 0.213556 0.014889 0.109111 
60.000000 0.596889 0.066444 0.212444 0.014889 0.109333 
60.500000 0.598444 0.064667 0.211111 0.016000 0.109778 
61.000000 0.600222 0.062667 0.210444 0.016444 0.110222 
61.500000 0.598222 0.063333 0.212889 0.015333 0.110222 
62.000000 0.598222 0.064444 0.211778 0.014444 0.111111 
62.500000 0.600222 0.063111 0.212000 0.012889 0.111778 
63.000000 0.601556 0.062222 0.209778 0.013333 0.113111 
63.500000 0.604222 0.059778 0.209111 0.014000 0.112889 
64.000000 0.600222 0.063333 0.208222 0.014222 0.114000 
64.500000 0.600667 0.064222 0.208222 0.012667 0.114222 
65.000000 0.603778 0.061556 0.207333 0.012889 0.114444 
65.500000 0.601333 0.063333 0.208889 0.012000 0.114444 
66.000000 0.604222 0.062222 0.206444 0.012000 0.115111 
66.500000 0.602222 0.063556 0.205333 0.013556 0.115333 
67.000000 0.605111 0.060222 0.206444 0.012889 0.115333 
67.500000 0.605778 0.059778 0.205111 0.013333 0.116000 
68.000000 0.604667 0.060667 0.205111 0.013556 0.116000 
68.500000 0.606667 0.059333 0.204222 0.013556 0.116222 
69.000000 0.606667 0.059111 0.204000 0.013778 0.116444 
69.500000 0.607778 0.058444 0.203333 0.014000 0.116444 
70.000000 0.606667 0.059778 0.202444 0.014444 0.116667 
70.500000 0.606667 0.059556 0.202667 0.014222 0.116889 
71.000000 0.606000 0.060667 0.204000 0.012667 0.116667 
71.500000 0.607333 0.060222 0.202444 0.012667 0.117333 
72.000000 0.605778 0.062222 0.202222 0.012444 0.117333 
72.500000 0.606222 0.061778 0.202000 0.012667 0.117333 
73.000000 0.603778 0.063778 0.202889 0.012000 0.117556 
73.500000 0.608444 0.059778 0.200889 0.013333 0.117556 
74.000000 0.611778 0.056444 0.200667 0.014000 0.117111 
74.500000 0.611111 0.057556 0.202222 0.011556 0.117556 
75.000000 0.609778 0.059778 0.200222 0.012444 0.117778 
75.500000 0.610222 0.059333 0.200667 0.011556 0.118222 
76.000000 0.608667 0.060667 0.199778 0.011333 0.119556 
76.500000 0.610667 0.060222 0.198444 0.010889 0.119778 
77.000000 0.609111 0.061333 0.198889 0.010444 0.120222 
77.500000 0.616000 0.055556 0.197778 0.010444 0.120222 
78.000000 0.614444 0.057778 0.196000 0.011556 0.120222 
78.500000 0.614222 0.058667 0.195556 0.011333 0.120222 
79.000000 0.611778 0.059778 0.197333 0.010667 0.120444 
79.500000 0.610889 0.062000 0.196667 0.010000 0.120444 
80.000000 0.610444 0.062667 0.195556 0.010889 0.120444 
80.500000 0.615333 0.058000 0.195778 0.010222 0.120667 
81.000000 0.615556 0.058667 0.194667 0.010444 0.120667 
81.500000 0.612444 0.061556 0.194667 0.010000 0.121333 
82.000000 0.612444 0.061111 0.194444 0.010667 0.121333 
82.500000 0.614444 0.059111 0.195111 0.009778 0.121556 
83.000000 0.616444 0.057778 0.193778 0.010444 0.121556 
83.500000 0.618222 0.056222 0.193778 0.010222 0.121556 
84.000000 0.616222 0.058222 0.193111 0.011111 0.121333 
84.500000 0.615778 0.060000 0.192444 0.010222 0.121556 
85.000000 0.616222 0.058667 0.192667 0.010667 0.121778 
85.500000 0.616222 0.058889 0.192000 0.011111 0.121778 
86.000000 0.616667 0.058444 0.192222 0.010889 0.121778 
86.500000 0.617111 0.058222 0.191333 0.011111 0.122222 
87.000000 0.616444 0.059111 0.190444 0.011333 0.122667 
87.500000 0.615333 0.060000 0.189556 0.012000 0.123111 
88.000000 0.619556 0.056000 0.188000 0.012667 0.123778 
88.500000 0.618667 0.056667 0.188222 0.011778 0.124667 
89.000000 0.620222 0.056222 0.186444 0.012444 0.124667 
89.500000 0.618667 0.058444 0.187333 0.011333 0.124222 
90.000000 0.622000 0.055111 0.187556 0.011556 0.123778 
90.500000 0.619778 0.057778 0.187556 0.011111 0.123778 
91.000000 0.618222 0.059333 0.187556 0.010889 0.124000 
91.500000 0.622000 0.055556 0.187333 0.010667 0.124444 
92.000000 0.620889 0.057111 0.186667 0.010667 0.124667 
92.500000 0.622889 0.055333 0.187111 0.010222 0.124444 
93.000000 0.622667 0.056444 0.186000 0.010222 0.124667 
93.500000 0.622444 0.056444 0.186000 0.010000 0.125111 
94.000000 0.619556 0.059556 0.184444 0.010889 0.125556 
94.500000 0.620667 0.058889 0.183556 0.010889 0.126000 
95.000000 0.620444 0.058667 0.184000 0.010444 0.126444 
95.500000 0.623556 0.056889 0.182222 0.009556 0.127778 
96.000000 0.626000 0.054889 0.182444 0.008889 0.127778 
96.500000 0.623111 0.058000 0.182000 0.009333 0.127556 
97.000000 0.628222 0.053111 0.182444 0.008222 0.128000 
97.500000 0.624222 0.056889 0.180444 0.009333 0.129111 
98.000000 0.623556 0.058889 0.178889 0.009111 0.129556 
98.500000 0.626667 0.055556 0.178000 0.010222 0.129556 
99.000000 0.629333 0.053333 0.177111 0.009778 0.130444 
99.500000 0.627111 0.055333 0.177333 0.009778 0.130444 
100.000000 0.627778 0.055333 0.176667 0.009333 0.130889 
100.500000 0.627556 0.056667 0.174889 0.009778 0.131111 
101.000000 0.626889 0.056889 0.174222 0.010889 0.131111 
101.500000 0.626000 0.057778 0.173556 0.010889 0.131778 
102.000000 0.623333 0.060444 0.173778 0.010667 0.131778 
102.500000 0.627556 0.056667 0.173333 0.010667 0.131778 
103.000000 0.626889 0.058000 0.172000 0.010889 0.132222 
103.500000 0.629333 0.056444 0.171556 0.010667 0.132000 
104.000000 0.631778 0.054444 0.171333 0.010222 0.132222 
104.500000 0.630444 0.055556 0.170889 0.010444 0.132667 
105.000000 0.631333 0.054889 0.170889 0.008889 0.134000 
105.500000 0.634667 0.051778 0.171111 0.009111 0.133333 
106.000000 0.634000 0.052222 0.171333 0.009556 0.132889 
106.500000 0.636444 0.050444 0.170444 0.009333 0.133333 
107.000000 0.632222 0.054444 0.170222 0.009556 0.133556 
107.500000 0.632444 0.054000 0.171333 0.009333 0.132889 
108.000000 0.632222 0.054444 0.172222 0.007778 0.133333 
108.500000 0.632222 0.054444 0.170667 0.009333 0.133333 
109.000000 0.634667 0.052667 0.169778 0.009333 0.133556 
109.500000 0.630889 0.056889 0.168889 0.009556 0.133778 
110.000000 0.631778 0.055556 0.168889 0.009333 0.134444 
110.500000 0.634667 0.053111 0.168889 0.008222 0.135111 
111.000000 0.634222 0.054222 0.168889 0.007556 0.135111 
111.500000 0.634222 0.054667 0.167111 0.009111 0.134889 
112.000000 0.636222 0.052889 0.166000 0.009556 0.135333 
112.500000 0.636667 0.052889 0.165556 0.009333 0.135556 
113.000000 0.634667 0.054444 0.166667 0.008444 0.135778 
113.500000 0.639556 0.049778 0.166889 0.007556 0.136222 
114.000000 0.638000 0.051333 0.166222 0.007556 0.136889 
114.500000 0.635556 0.054000 0.164889 0.008667 0.136889 
115.000000 0.635333 0.053556 0.166222 0.008000 0.136889 
115.500000 0.634000 0.055556 0.164222 0.008889 0.137333 
116.000000 0.633778 0.056000 0.162889 0.008889 0.138444 
116.500000 0.635333 0.054667 0.163556 0.008000 0.138444 
117.000000 0.637333 0.052444 0.163778 0.007556 0.138889 
117.500000 0.634222 0.056000 0.162667 0.008222 0.138889 
118.000000 0.632222 0.057333 0.164667 0.007111 0.138667 
118.500000 0.634222 0.055556 0.163111 0.007778 0.139333 
119.000000 0.636222 0.053111 0.161333 0.009778 0.139556 
119.500000 0.637556 0.051778 0.161333 0.009556 0.139778 
120.000000 0.634444 0.054444 0.161556 0.008667 0.140889 
120.500000 0.635333 0.054000 0.160667 0.009111 0.140889 
121.000000 0.629333 0.060222 0.161556 0.008222 0.140667 
121.500000 0.630889 0.058444 0.162000 0.007778 0.140889 
122.000000 0.632667 0.057333 0.159778 0.009111 0.141111 
122.500000 0.632889 0.057778 0.160222 0.008222 0.140889 
123.000000 0.634222 0.056222 0.160222 0.008667 0.140667 
123.500000 0.639556 0.051111 0.158444 0.009778 0.141111 
124.000000 0.635778 0.054889 0.158222 0.010222 0.140889 
124.500000 0.635778 0.054222 0.158889 0.009333 0.141778 
125.000000 0.635778 0.054889 0.158000 0.008444 0.142889 
125.500000 0.630222 0.060222 0.158222 0.008444 0.142889 
126.000000 0.632889 0.057778 0.158000 0.008667 0.142667 
126.500000 0.634222 0.056222 0.158000 0.009111 0.142444 
127.000000 0.635333 0.055333 0.155333 0.011111 0.142889 
127.500000 0.638000 0.052000 0.158889 0.007778 0.143333 
128.000000 0.632889 0.058222 0.157556 0.008000 0.143333 
128.500000 0.634000 0.057778 0.156000 0.008889 0.143333 
129.000000 0.634889 0.057778 0.157111 0.007333 0.142889 
129.500000 0.635333 0.057333 0.155333 0.007556 0.144444 
130.000000 0.634667 0.058222 0.155556 0.007556 0.144000 
130.500000 0.632000 0.060222 0.155556 0.008000 0.144222 
131.000000 0.636222 0.056444 0.155333 0.007556 0.144444 
131.500000 0.637778 0.056222 0.155333 0.006222 0.144444 
132.000000 0.636889 0.057778 0.154222 0.006667 0.144444 
132.500000 0.638000 0.056222 0.154000 0.006667 0.145111 
133.000000 0.639778 0.055556 0.152222 0.006444 0.146000 
133.500000 0.640889 0.054444 0.152667 0.006000 0.146000 
134.000000 0.646000 0.049111 0.152889 0.005778 0.146222 
134.500000 0.640222 0.056000 0.152444 0.004667 0.146667 
135.000000 0.640444 0.054444 0.152667 0.005556 0.146889 
135.500000 0.641333 0.053111 0.152889 0.005556 0.147111 
136.000000 0.639556 0.055111 0.151333 0.006000 0.148000 
136.500000 0.638444 0.056889 0.149778 0.006222 0.148667 
137.000000 0.637333 0.058222 0.149778 0.006222 0.148444 
137.500000 0.639333 0.056000 0.149778 0.006222 0.148667 
138.000000 0.641556 0.054000 0.149333 0.006000 0.149111 
138.500000 0.640667 0.055333 0.149111 0.005778 0.149111 
139.000000 0.642667 0.053333 0.148444 0.006444 0.149111 
139.500000 0.640667 0.055333 0.148444 0.005778 0.149778 
140.000000 0.639111 0.056667 0.148667 0.005333 0.150222 
140.500000 0.640222 0.055333 0.148444 0.005556 0.150444 
141.000000 0.640000 0.056222 0.146444 0.006222 0.151111 
141.500000 0.637111 0.059333 0.146000 0.006667 0.150889 
142.000000 0.636667 0.059778 0.144222 0.007778 0.151556 
142.500000 0.638000 0.058889 0.144667 0.006444 0.152000 
143.000000 0.639556 0.057778 0.143111 0.007333 0.152222 
143.500000 0.636444 0.060667 0.142889 0.008000 0.152000 
144.000000 0.638667 0.059111 0.141778 0.007333 0.153111 
144.500000 0.638222 0.059556 0.141778 0.007556 0.152889 
145.000000 0.637556 0.059111 0.142667 0.007556 0.153111 
145.500000 0.639111 0.058222 0.142222 0.006889 0.153556 
146.000000 0.636889 0.060889 0.141333 0.006889 0.154000 
146.500000 0.639333 0.058222 0.142222 0.006889 0.153333 
147.000000 0.637333 0.060444 0.142222 0.006222 0.153778 
147.500000 0.639333 0.058667 0.142000 0.006444 0.153556 
148.000000 0.636222 0.061556 0.141556 0.006667 0.154000 
148.500000 0.635111 0.062889 0.142667 0.005778 0.153556 
149.000000 0.636667 0.062000 0.141556 0.006000 0.153778 
149.500000 0.640444 0.059778 0.139556 0.005778 0.154444 
150.000000 0.639333 0.060667 0.140444 0.005333 0.154222 
150.500000 0.638000 0.062444 0.138667 0.006667 0.154222 
151.000000 0.636444 0.063556 0.138889 0.006667 0.154444 
151.500000 0.640889 0.059333 0.140444 0.005333 0.154000 
152.000000 0.636222 0.064000 0.140444 0.004667 0.154667 
152.500000 0.638889 0.061556 0.138889 0.005556 0.155111 
153.000000 0.638444 0.062222 0.138889 0.004444 0.156000 
153.500000 0.640889 0.060000 0.138444 0.004667 0.156000 
154.000000 0.637333 0.063556 0.137333 0.005556 0.156222 
154.500000 0.641556 0.059333 0.138000 0.004444 0.156667 
155.000000 0.640444 0.060889 0.137778 0.004000 0.156889 
155.500000 0.640667 0.060889 0.138000 0.003778 0.156667 
156.000000 0.639111 0.062889 0.137778 0.003556 0.156667 
156.500000 0.638667 0.063556 0.136889 0.004444 0.156444 
157.000000 0.641111 0.061556 0.135556 0.004444 0.157333 
157.500000 0.642444 0.060444 0.137333 0.003333 0.156444 
158.000000 0.645111 0.056889 0.136667 0.004667 0.156667 
158.500000 0.644889 0.058000 0.134667 0.004889 0.157556 
159.000000 0.644889 0.057778 0.135111 0.004222 0.158000 
159.500000 0.644889 0.057778 0.134889 0.004444 0.158000 
160.000000 0.643111 0.059556 0.134222 0.004889 0.158222 
160.500000 0.639111 0.064667 0.134000 0.003778 0.158444 
161.000000 0.641556 0.061333 0.134889 0.003778 0.158444 
161.500000 0.645556 0.058000 0.134222 0.003556 0.158667 
162.000000 0.642667 0.061333 0.133556 0.003778 0.158667 
162.500000 0.648000 0.056222 0.131111 0.005778 0.158889 
163.000000 0.646667 0.058000 0.131778 0.004667 0.158889 
163.500000 0.645778 0.059111 0.131778 0.004444 0.158889 
164.000000 0.643778 0.060889 0.130889 0.005556 0.158889 
164.500000 0.646667 0.058889 0.128889 0.005556 0.160000 
165.000000 0.645778 0.060000 0.128222 0.005778 0.160222 
165.500000 0.644222 0.061556 0.128222 0.005778 0.160222 
166.000000 0.646667 0.059333 0.128889 0.004667 0.160444 
166.500000 0.644889 0.061778 0.127778 0.004667 0.160889 
167.000000 0.645333 0.061333 0.127556 0.004889 0.160889 
167.500000 0.646444 0.060667 0.126222 0.005333 0.161333 
168.000000 0.645778 0.061556 0.127111 0.003778 0.161778 
168.500000 0.648889 0.058667 0.126667 0.004000 0.161778 
169.000000 0.647778 0.060444 0.125111 0.004222 0.162444 
169.500000 0.649333 0.058444 0.124889 0.004444 0.162889 
170.000000 0.652222 0.055778 0.124889 0.004000 0.163111 
170.500000 0.652889 0.055333 0.124222 0.004667 0.162889 
171.000000 0.651778 0.057111 0.124000 0.004667 0.162444 
171.500000 0.655111 0.053778 0.122667 0.005556 0.162889 
172.000000 0.652667 0.056444 0.123556 0.004222 0.163111 
172.500000 0.651111 0.057778 0.123778 0.004222 0.163111 
173.000000 0.651778 0.057333 0.123778 0.004000 0.163111 
173.500000 0.653111 0.056000 0.122889 0.004222 0.163778 
174.000000 0.653778 0.055333 0.123111 0.003778 0.164000 
174.500000 0.652444 0.056444 0.123778 0.004000 0.163333 
175.000000 0.654889 0.054889 0.122667 0.003556 0.164000 
175.500000 0.653333 0.056000 0.122222 0.004222 0.164222 
176.000000 0.650222 0.059556 0.121111 0.004222 0.164889 
176.500000 0.654889 0.054667 0.121111 0.004444 0.164889 
177.000000 0.653111 0.057111 0.120222 0.004444 0.165111 
177.500000 0.655556 0.054667 0.119778 0.004444 0.165556 
178.000000 0.656222 0.054222 0.120222 0.003556 0.165778 
178.500000 0.649778 0.060000 0.120889 0.004222 0.165111 
179.000000 0.657778 0.052889 0.120000 0.004000 0.165333 
179.500000 0.656889 0.053556 0.119556 0.004444 0.165556 
180.000000 0.657111 0.053333 0.119556 0.004444 0.165556 
180.500000 0.657111 0.052889 0.118889 0.005111 0.166000 
181.000000 0.656000 0.054444 0.118444 0.004667 0.166444 
181.500000 0.656222 0.054222 0.118222 0.004222 0.167111 
182.000000 0.657111 0.053778 0.118000 0.004444 0.166667 
182.500000 0.657333 0.053778 0.117333 0.004222 0.167333 
183.000000 0.657556 0.053111 0.116667 0.004889 0.167778 
183.500000 0.658889 0.052000 0.116889 0.004000 0.168222 
184.000000 0.657778 0.053111 0.117111 0.003333 0.168667 
184.500000 0.655778 0.055333 0.116444 0.003778 0.168667 
185.000000 0.656444 0.054000 0.115111 0.004889 0.169556 
185.500000 0.651778 0.059778 0.115111 0.003333 0.170000 
186.000000 0.651778 0.059556 0.115111 0.003111 0.170444 
186.500000 0.654889 0.057111 0.114667 0.003333 0.170000 
187.000000 0.653556 0.058222 0.114000 0.004000 0.170222 
187.500000 0.657778 0.054667 0.112000 0.004444 0.171111 
188.000000 0.657778 0.055556 0.111333 0.004222 0.171111 
188.500000 0.656000 0.057333 0.110667 0.004889 0.171111 
189.000000 0.658000 0.054889 0.112000 0.004000 0.171111 
189.500000 0.657111 0.055778 0.111333 0.004444 0.171333 
190.000000 0.656889 0.057111 0.111111 0.003556 0.171333 
190.500000 0.655111 0.058444 0.111333 0.003556 0.171556 
191.000000 0.660000 0.053556 0.111333 0.003333 0.171778 
191.500000 0.657556 0.055778 0.110889 0.003556 0.172222 
192.000000 0.657111 0.056444 0.111111 0.002889 0.172444 
192.500000 0.659778 0.054889 0.110444 0.002667 0.172222 
193.000000 0.662222 0.051556 0.110222 0.003556 0.172444 
193.500000 0.660222 0.053556 0.110667 0.002667 0.172889 
194.000000 0.661556 0.052000 0.110889 0.002444 0.173111 
194.500000 0.658889 0.054667 0.109778 0.003111 0.173556 
195.000000 0.660889 0.053111 0.109778 0.003111 0.173111 
195.500000 0.659111 0.054889 0.109778 0.002444 0.173778 
196.000000 0.663333 0.050667 0.109778 0.002222 0.174000 
196.500000 0.662889 0.051556 0.108889 0.002667 0.174000 
197.000000 0.661556 0.052889 0.107111 0.004222 0.174222 
197.500000 0.660889 0.054222 0.106222 0.003778 0.174889 
198.000000 0.664000 0.051111 0.106667 0.004000 0.174222 
198.500000 0.663556 0.051111 0.106222 0.004222 0.174889 
199.000000 0.662000 0.053111 0.105111 0.004889 0.174889 
199.500000 0.662222 0.052889 0.105778 0.004222 0.174889 
200.000000 0.662667 0.052444 0.105111 0.005111 0.174667 
200.500000 0.658222 0.056889 0.105111 0.004667 0.175111 
201.000000 0.662222 0.052889 0.106000 0.004222 0.174667 
201.500000 0.661333 0.054667 0.104889 0.004000 0.175111 
202.000000 0.661333 0.053778 0.105556 0.004444 0.174889 
202.500000 0.662889 0.052667 0.106222 0.003778 0.174444 
203.000000 0.659778 0.055556 0.106222 0.003556 0.174889 
203.500000 0.663333 0.052222 0.106667 0.002667 0.175111 
204.000000 0.662222 0.052889 0.105778 0.003778 0.175333 
204.500000 0.659333 0.056000 0.105778 0.003111 0.175778 
205.000000 0.663556 0.051556 0.105556 0.003556 0.175778 
205.500000 0.663111 0.051778 0.105778 0.003556 0.175778 
206.000000 0.660444 0.054667 0.104667 0.004222 0.176000 
206.500000 0.659556 0.055778 0.104000 0.004667 0.176000 
207.000000 0.660889 0.054444 0.103333 0.004889 0.176444 
207.500000 0.658444 0.057556 0.104444 0.003333 0.176222 
208.000000 0.660444 0.056000 0.103556 0.003556 0.176444 
208.500000 0.664889 0.051333 0.103111 0.003778 0.176889 
209.000000 0.665778 0.051111 0.103333 0.002889 0.176889 
209.500000 0.664000 0.053111 0.102889 0.002889 0.177111 
210.000000 0.664222 0.052889 0.102222 0.003556 0.177111 
210.500000 0.662222 0.054667 0.102889 0.003333 0.176889 
211.000000 0.660222 0.057333 0.102444 0.002889 0.177111 
211.500000 0.660889 0.057333 0.101333 0.003556 0.176889 
212.000000 0.662222 0.056222 0.100667 0.003778 0.177111 
212.500000 0.664222 0.054000 0.100889 0.003556 0.177333 
213.000000 0.661333 0.057333 0.100222 0.003333 0.177778 
213.500000 0.660222 0.058000 0.100444 0.003556 0.177778 
214.000000 0.660222 0.058444 0.100667 0.002889 0.177778 
214.500000 0.658889 0.060222 0.100667 0.002667 0.177556 
215.000000 0.660222 0.058667 0.100222 0.002889 0.178000 
215.500000 0.661111 0.057333 0.100444 0.002889 0.178222 
216.000000 0.660444 0.058667 0.099778 0.002667 0.178444 
216.500000 0.664889 0.054000 0.100222 0.002000 0.178889 
217.000000 0.662444 0.057333 0.098000 0.002889 0.179333 
217.500000 0.660222 0.058667 0.098667 0.003111 0.179333 
218.000000 0.658667 0.060667 0.098222 0.003333 0.179111 
218.500000 0.661333 0.058444 0.098222 0.002889 0.179111 
219.000000 0.662667 0.057111 0.098444 0.002667 0.179111 
219.500000 0.662222 0.057333 0.098222 0.002889 0.179333 
220.000000 0.662889 0.057333 0.098222 0.002667 0.178889 
220.500000 0.659778 0.060667 0.096889 0.003111 0.179556 
221.000000 0.662222 0.058222 0.098000 0.002444 0.179111 
221.500000 0.663333 0.057556 0.096889 0.002667 0.179556 
222.000000 0.664444 0.056222 0.097556 0.002222 0.179556 
222.500000 0.664667 0.056000 0.097556 0.002222 0.179556 
223.000000 0.664667 0.056000 0.096667 0.002444 0.180222 
223.500000 0.661556 0.058889 0.097333 0.002000 0.180222 
224.000000 0.662889 0.057556 0.097556 0.002222 0.179778 
224.500000 0.662444 0.057778 0.096889 0.002889 0.180000 
225.000000 0.658444 0.061778 0.098000 0.001333 0.180444 
225.500000 0.660000 0.059778 0.097778 0.001778 0.180667 
226.000000 0.660444 0.060000 0.097111 0.002222 0.180222 
226.500000 0.659778 0.060889 0.096444 0.002667 0.180222 
227.000000 0.656667 0.064222 0.096667 0.002222 0.180222 
227.500000 0.656222 0.064889 0.096222 0.002222 0.180444 
228.000000 0.654667 0.066444 0.097111 0.001778 0.180000 
228.500000 0.659111 0.061556 0.097111 0.002222 0.180000 
229.000000 0.658444 0.062889 0.096000 0.002000 0.180667 
229.500000 0.658667 0.062444 0.096000 0.002444 0.180444 
230.000000 0.658889 0.062667 0.096222 0.002000 0.180222 
230.500000 0.657333 0.064222 0.095556 0.002667 0.180222 
231.000000 0.658444 0.063111 0.095111 0.002889 0.180444 
231.500000 0.658889 0.062889 0.094889 0.002667 0.180667 
232.000000 0.658444 0.063556 0.094889 0.002444 0.180667 
232.500000 0.657111 0.065111 0.094444 0.002000 0.181333 
233.000000 0.653778 0.068000 0.094000 0.002667 0.181556 
233.500000 0.653556 0.068889 0.092889 0.003111 0.181556 
234.000000 0.657111 0.065333 0.093111 0.003111 0.181333 
234.500000 0.656222 0.066444 0.092000 0.003333 0.182000 
235.000000 0.658667 0.064222 0.092222 0.003111 0.181778 
235.500000 0.657333 0.065111 0.092000 0.003111 0.182444 
236.000000 0.656444 0.066222 0.092889 0.002444 0.182000 
236.500000 0.656667 0.065778 0.092667 0.002667 0.182222 
237.000000 0.657111 0.065778 0.090667 0.003778 0.182667 
237.500000 0.654222 0.069111 0.092000 0.002444 0.182222 
238.000000 0.662000 0.061333 0.091333 0.002667 0.182667 
238.500000 0.660889 0.063111 0.090889 0.002444 0.182667 
239.000000 0.661556 0.062222 0.090000 0.003111 0.183111 
239.500000 0.662222 0.061556 0.090000 0.003111 0.183111 
240.000000 0.659111 0.064667 0.090000 0.002889 0.183333 
240.500000 0.660222 0.064000 0.090000 0.002667 0.183111 
241.000000 0.663111 0.061111 0.090889 0.002000 0.182889 
241.500000 0.663778 0.060444 0.090444 0.002222 0.183111 
242.000000 0.664444 0.060444 0.089556 0.002444 0.183111 
242.500000 0.659778 0.064889 0.090000 0.002000 0.183333 
243.000000 0.658667 0.066222 0.089556 0.002222 0.183333 
243.500000 0.659333 0.065556 0.089333 0.002444 0.183333 
244.000000 0.659333 0.065556 0.089556 0.002000 0.183556 
244.500000 0.661778 0.062889 0.089778 0.002000 0.183556 
245.000000 0.657556 0.067333 0.088889 0.001778 0.184444 
245.500000 0.660667 0.064000 0.087778 0.002444 0.185111 
246.000000 0.662667 0.062222 0.088222 0.002000 0.184889 
246.500000 0.660444 0.064222 0.088000 0.002000 0.185333 
247.000000 0.660222 0.064222 0.089556 0.001778 0.184222 
247.500000 0.655111 0.069778 0.087778 0.002667 0.184667 
248.000000 0.660444 0.064667 0.087556 0.002444 0.184889 
248.500000 0.658889 0.067111 0.085556 0.003556 0.184889 
249.000000 0.659778 0.065778 0.086000 0.002889 0.185556 
249.500000 0.660444 0.064667 0.086444 0.003111 0.185333 
250.000000 0.659778 0.065556 0.086222 0.002444 0.186000 
250.500000 0.658444 0.066667 0.086667 0.002667 0.185556 
251.000000 0.661556 0.064000 0.085778 0.002889 0.185778 
251.500000 0.658222 0.067111 0.086444 0.002222 0.186000 
252.000000 0.661111 0.064667 0.086222 0.002000 0.186000 
252.500000 0.661333 0.064667 0.085333 0.002444 0.186222 
253.000000 0.661333 0.064222 0.086000 0.002222 0.186222 
253.500000 0.660444 0.065778 0.084444 0.002889 0.186444 
254.000000 0.667333 0.058667 0.085111 0.002889 0.186000 
254.500000 0.666000 0.060000 0.084222 0.003333 0.186444 
255.000000 0.667111 0.059333 0.084444 0.002667 0.186444 
255.500000 0.662444 0.063778 0.085111 0.002667 0.186000 
256.000000 0.664222 0.062222 0.083333 0.003778 0.186444 
256.500000 0.664667 0.061556 0.085111 0.002667 0.186000 
257.000000 0.660667 0.065556 0.084222 0.003111 0.186444 
257.500000 0.662444 0.064000 0.083778 0.003333 0.186444 
258.000000 0.663111 0.063778 0.083556 0.002667 0.186889 
258.500000 0.666000 0.060667 0.083333 0.003111 0.186889 
259.000000 0.666667 0.060222 0.084667 0.002222 0.186222 
259.500000 0.664222 0.062889 0.084444 0.002222 0.186222 
260.000000 0.666889 0.060667 0.083556 0.002222 0.186667 
260.500000 0.664667 0.062667 0.083556 0.002000 0.187111 
261.000000 0.666222 0.061778 0.082444 0.002889 0.186667 
261.500000 0.662444 0.065556 0.082667 0.002000 0.187333 
262.000000 0.661778 0.065556 0.082667 0.002444 0.187556 
262.500000 0.662222 0.066222 0.082000 0.002444 0.187111 
263.000000 0.660222 0.067111 0.082667 0.002444 0.187556 
263.500000 0.660667 0.067111 0.081111 0.002667 0.188444 
264.000000 0.661778 0.066000 0.081556 0.002222 0.188444 
264.500000 0.663333 0.064889 0.082000 0.001333 0.188444 
265.000000 0.663556 0.064889 0.081556 0.001333 0.188667 
265.500000 0.662667 0.065556 0.081333 0.001778 0.188667 
266.000000 0.665556 0.062667 0.081111 0.001778 0.188889 
266.500000 0.665778 0.062889 0.080667 0.001556 0.189111 
267.000000 0.662667 0.065778 0.080667 0.001778 0.189111 
267.500000 0.668000 0.060222 0.080889 0.002444 0.188444 
268.000000 0.664667 0.064000 0.080222 0.002000 0.189111 
268.500000 0.661333 0.067556 0.079333 0.002667 0.189111 
269.000000 0.663333 0.065556 0.079556 0.002444 0.189111 
269.500000 0.668667 0.060222 0.079556 0.002444 0.189111 
270.000000 0.670222 0.058667 0.079333 0.002444 0.189333 
270.500000 0.668667 0.060222 0.079778 0.002444 0.188889 
271.000000 0.665333 0.062889 0.080889 0.001778 0.189111 
271.500000 0.668222 0.060444 0.080222 0.002000 0.189111 
272.000000 0.665556 0.063111 0.079778 0.002000 0.189556 
272.500000 0.666222 0.062444 0.079778 0.001778 0.189778 
273.000000 0.668889 0.059778 0.078667 0.002000 0.190667 
273.500000 0.667111 0.061111 0.079556 0.001778 0.190444 
274.000000 0.667556 0.061111 0.079111 0.002444 0.189778 
274.500000 0.668222 0.060667 0.079111 0.001556 0.190444 
275.000000 0.668222 0.060444 0.079111 0.001556 0.190667 
275.500000 0.670222 0.058222 0.079333 0.001778 0.190444 
276.000000 0.668444 0.060000 0.078000 0.002222 0.191333 
276.500000 0.668444 0.060222 0.078000 0.002444 0.190889 
277.000000 0.669111 0.059333 0.078000 0.002444 0.191111 
277.500000 0.668000 0.060889 0.076667 0.003556 0.190889 
278.000000 0.671333 0.058222 0.077111 0.002222 0.191111 
278.500000 0.670444 0.058889 0.077556 0.002222 0.190889 
279.000000 0.669778 0.059556 0.078222 0.001556 0.190889 
279.500000 0.672000 0.057556 0.077778 0.002222 0.190444 
280.000000 0.670889 0.058667 0.077333 0.002667 0.190444 
280.500000 0.670667 0.059778 0.076889 0.001778 0.190889 
281.000000 0.673333 0.056667 0.077333 0.002222 0.190444 
281.500000 0.673778 0.056667 0.076444 0.002667 0.190444 
282.000000 0.674000 0.056667 0.076667 0.002222 0.190444 
282.500000 0.672222 0.058222 0.076222 0.002444 0.190889 
283.000000 0.673111 0.057556 0.076000 0.002444 0.190889 
283.500000 0.675556 0.055111 0.076444 0.002444 0.190444 
284.000000 0.675778 0.054889 0.076222 0.002000 0.191111 
284.500000 0.673333 0.058222 0.075556 0.001778 0.191111 
285.000000 0.672667 0.058889 0.075333 0.001778 0.191333 
285.500000 0.674000 0.057556 0.075111 0.002000 0.191333 
286.000000 0.669778 0.061778 0.074889 0.002000 0.191556 
286.500000 0.670000 0.061556 0.074667 0.002000 0.191778 
287.000000 0.668889 0.062667 0.074000 0.002444 0.192000 
287.500000 0.668889 0.062222 0.074222 0.002889 0.191778 
288.000000 0.673556 0.058222 0.073778 0.002222 0.192222 
288.500000 0.674667 0.057111 0.072889 0.002889 0.192444 
289.000000 0.677556 0.054444 0.072667 0.002889 0.192444 
289.500000 0.673333 0.058222 0.072889 0.003333 0.192222 
290.000000 0.674667 0.057333 0.072667 0.003111 0.192222 
290.500000 0.673778 0.058222 0.072889 0.002222 0.192889 
291.000000 0.672889 0.059556 0.072444 0.002444 0.192667 
291.500000 0.675556 0.057111 0.072222 0.002667 0.192444 
292.000000 0.674222 0.058222 0.072000 0.003333 0.192222 
292.500000 0.676444 0.056000 0.071778 0.003556 0.192222 
293.000000 0.676444 0.056222 0.071778 0.003778 0.191778 
293.500000 0.675333 0.057778 0.071333 0.003111 0.192444 
294.000000 0.676889 0.056222 0.070667 0.003778 0.192444 
294.500000 0.677778 0.055778 0.070889 0.003111 0.192444 
295.000000 0.676222 0.056444 0.071111 0.003556 0.192667 
295.500000 0.674222 0.059111 0.070444 0.003333 0.192889 
296.000000 0.672889 0.060222 0.070222 0.003556 0.193111 
296.500000 0.674222 0.060000 0.069333 0.003333 0.193111 
297.000000 0.673778 0.059556 0.071111 0.002667 0.192889 
297.500000 0.675556 0.057333 0.071333 0.002444 0.193333 
298.000000 0.671778 0.061556 0.070222 0.003333 0.193111 
298.500000 0.669111 0.063778 0.070222 0.003333 0.193556 
299.000000 0.672000 0.061333 0.069111 0.004000 0.193556 
299.500000 0.671778 0.061556 0.069333 0.003556 0.193778 
300.000000 0.669778 0.063556 0.069111 0.003333 0.194222 
300.500000 0.668000 0.065333 0.068222 0.003778 0.194667 
301.000000 0.671333 0.061778 0.068889 0.003556 0.194444 
301.500000 0.673111 0.060000 0.068444 0.004222 0.194222 
302.000000 0.673556 0.059778 0.067556 0.004667 0.194444 
302.500000 0.669778 0.063778 0.068222 0.004000 0.194222 
303.000000 0.670889 0.062444 0.068000 0.004000 0.194667 
303.500000 0.670667 0.062222 0.068222 0.004000 0.194889 
304.000000 0.672222 0.060667 0.069111 0.004000 0.194000 
304.500000 0.672444 0.061111 0.067778 0.004000 0.194667 
305.000000 0.670222 0.063333 0.068000 0.003556 0.194889 
305.500000 0.673778 0.059778 0.068000 0.003333 0.195111 
306.000000 0.673333 0.060889 0.067333 0.003333 0.195111 
306.500000 0.673556 0.060667 0.067778 0.002889 0.195111 
307.000000 0.673778 0.060444 0.066889 0.004000 0.194889 
307.500000 0.670222 0.064000 0.067111 0.003111 0.195556 
308.000000 0.673111 0.061111 0.067333 0.003556 0.194889 
308.500000 0.672222 0.062222 0.067333 0.003333 0.194889 
309.000000 0.670889 0.063111 0.067556 0.002889 0.195556 
309.500000 0.670667 0.062667 0.068444 0.003111 0.195111 
310.000000 0.672667 0.061556 0.068667 0.003111 0.194000 
310.500000 0.672000 0.062444 0.067111 0.003333 0.195111 
311.000000 0.671556 0.062667 0.067333 0.003333 0.195111 
311.500000 0.673111 0.061111 0.067333 0.003333 0.195111 
312.000000 0.668889 0.065556 0.066667 0.004000 0.194889 
312.500000 0.671111 0.064000 0.066667 0.003111 0.195111 
313.000000 0.673556 0.060667 0.067556 0.003111 0.195111 
313.500000 0.675111 0.059556 0.066667 0.003333 0.195333 
314.000000 0.675778 0.058889 0.066667 0.003111 0.195556 
314.500000 0.676889 0.058000 0.066667 0.002889 0.195556 
315.000000 0.672444 0.061111 0.067778 0.003333 0.195333 
315.500000 0.675111 0.059111 0.066667 0.003333 0.195778 
316.000000 0.673556 0.061111 0.066444 0.003111 0.195778 
316.500000 0.676222 0.058667 0.066000 0.002889 0.196222 
317.000000 0.673556 0.061333 0.066444 0.002444 0.196222 
317.500000 0.674667 0.060222 0.066222 0.002667 0.196222 
318.000000 0.675111 0.060000 0.065556 0.003111 0.196222 
318.500000 0.678000 0.056667 0.065556 0.002889 0.196889 
319.000000 0.675556 0.059333 0.065333 0.003111 0.196667 
319.500000 0.676667 0.058667 0.065778 0.002000 0.196889 
320.000000 0.677556 0.058000 0.064889 0.002444 0.197111 
320.500000 0.675556 0.059556 0.065556 0.002000 0.197333 
321.000000 0.674000 0.061556 0.065556 0.002000 0.196889 
321.500000 0.670444 0.064889 0.065556 0.002222 0.196889 
322.000000 0.674667 0.060667 0.064667 0.002667 0.197333 
322.500000 0.674222 0.060889 0.065333 0.002000 0.197556 
323.000000 0.673333 0.062000 0.064667 0.002444 0.197556 
323.500000 0.670889 0.064667 0.064667 0.001778 0.198000 
324.000000 0.671333 0.064000 0.064222 0.002222 0.198222 
324.500000 0.673111 0.062444 0.064222 0.002444 0.197778 
325.000000 0.672222 0.063333 0.064222 0.002000 0.198222 
325.500000 0.672000 0.063333 0.064667 0.002000 0.198000 
326.000000 0.672000 0.063556 0.064667 0.002000 0.197778 
326.500000 0.670889 0.064444 0.064222 0.002222 0.198222 
327.000000 0.672889 0.062444 0.064222 0.002222 0.198222 
327.500000 0.673778 0.061778 0.064000 0.002000 0.198444 
328.000000 0.672000 0.063333 0.064444 0.001556 0.198667 
328.500000 0.673333 0.062222 0.064000 0.002222 0.198222 
329.000000 0.672000 0.063333 0.064000 0.002222 0.198444 
329.500000 0.668889 0.066222 0.064889 0.001778 0.198222 
330.000000 0.668222 0.067556 0.063333 0.003111 0.197778 
330.500000 0.669778 0.066000 0.063556 0.002444 0.198222 
331.000000 0.678667 0.057556 0.063333 0.002444 0.198000 
331.500000 0.675556 0.061333 0.062444 0.002889 0.197778 
332.000000 0.673556 0.062889 0.061333 0.004444 0.197778 
332.500000 0.676222 0.060000 0.062222 0.003778 0.197778 
333.000000 0.676000 0.060000 0.062889 0.003556 0.197556 
333.500000 0.680667 0.056000 0.061556 0.004000 0.197778 
334.000000 0.676444 0.060000 0.061778 0.003778 0.198000 
334.500000 0.674667 0.061556 0.061556 0.004444 0.197778 
335.000000 0.675333 0.061111 0.061111 0.004667 0.197778 
335.500000 0.672889 0.063778 0.060222 0.005111 0.198000 
336.000000 0.675778 0.061333 0.059556 0.005111 0.198222 
336.500000 0.675778 0.061111 0.059556 0.005333 0.198222 
337.000000 0.676444 0.060667 0.059556 0.004889 0.198444 
337.500000 0.676444 0.060667 0.060889 0.003778 0.198222 
338.000000 0.679556 0.057333 0.060444 0.004667 0.198000 
338.500000 0.678444 0.059111 0.060000 0.004222 0.198222 
339.000000 0.680667 0.057333 0.058667 0.004889 0.198444 
339.500000 0.681778 0.055778 0.060222 0.004444 0.197778 
340.000000 0.682444 0.054667 0.061111 0.003556 0.198222 
340.500000 0.678667 0.058000 0.061333 0.003556 0.198444 
341.000000 0.680889 0.056444 0.061778 0.002444 0.198444 
341.500000 0.680667 0.056889 0.061111 0.002889 0.198444 
342.000000 0.677556 0.059111 0.062222 0.002889 0.198222 
342.500000 0.679111 0.059111 0.060889 0.003111 0.197778 
343.000000 0.679333 0.058444 0.060222 0.003111 0.198889 
343.500000 0.677111 0.060444 0.060222 0.003556 0.198667 
344.000000 0.680222 0.057556 0.060222 0.003111 0.198889 
344.500000 0.680889 0.056889 0.060444 0.002889 0.198889 
345.000000 0.679556 0.058667 0.059556 0.002889 0.199333 
345.500000 0.679111 0.058444 0.059778 0.003556 0.199111 
346.000000 0.680222 0.057556 0.059556 0.003556 0.199111 
346.500000 0.682000 0.055556 0.059778 0.003556 0.199111 
347.000000 0.675778 0.061556 0.060444 0.003333 0.198889 
347.500000 0.676000 0.061333 0.060222 0.003556 0.198889 
348.000000 0.678667 0.058444 0.060444 0.003778 0.198667 
348.500000 0.681333 0.057111 0.058889 0.003778 0.198889 
349.000000 0.682444 0.055556 0.059778 0.003333 0.198889 
349.500000 0.678444 0.060000 0.059778 0.003333 0.198444 
350.000000 0.680444 0.058000 0.059556 0.003111 0.198889 
350.500000 0.680667 0.057556 0.059111 0.003556 0.199111 
351.000000 0.677778 0.060667 0.058667 0.004000 0.198889 
351.500000 0.679556 0.059111 0.058889 0.004000 0.198444 
352.000000 0.679556 0.058889 0.059111 0.003556 0.198889 
