0.000000 0.480500 0.087000 0.259000 0.166000 0.007500 
0.500000 0.477500 0.091500 0.250500 0.173000 0.007500 
1.000000 0.481500 0.086000 0.251500 0.173500 0.007500 
1.500000 0.479000 0.087500 0.251500 0.174500 0.007500 
2.000000 0.469000 0.098500 0.250500 0.174500 0.007500 
2.500000 0.473000 0.095500 0.253500 0.170500 0.007500 
3.000000 0.476000 0.092000 0.261000 0.163500 0.007500 
3.500000 0.472000 0.097000 0.265500 0.158000 0.007500 
4.000000 0.474000 0.094500 0.266500 0.157500 0.007500 
4.500000 0.482500 0.086000 0.261000 0.162500 0.008000 
5.000000 0.480000 0.090500 0.257000 0.164500 0.008000 
5.500000 0.482000 0.087000 0.258500 0.164500 0.008000 
6.000000 0.485500 0.083000 0.260000 0.163500 0.008000 
6.500000 0.487000 0.081500 0.258000 0.165000 0.008500 
7.000000 0.479500 0.088500 0.250000 0.173500 0.008500 
7.500000 0.479000 0.088000 0.252500 0.172000 0.008500 
8.000000 0.480500 0.086000 0.253500 0.171000 0.009000 
8.500000 0.483000 0.083500 0.255000 0.169500 0.009000 
9.000000 0.479500 0.088000 0.249500 0.174000 0.009000 
9.500000 0.470500 0.097000 0.250000 0.173500 0.009000 
10.000000 0.474500 0.092500 0.249000 0.175000 0.009000 
10.500000 0.475500 0.092500 0.254500 0.168500 0.009000 
11.000000 0.476000 0.092000 0.252000 0.171000 0.009000 
11.500000 0.475500 0.090500 0.255000 0.170000 0.009000 
12.000000 0.476500 0.091500 0.259000 0.164000 0.009000 
12.500000 0.478000 0.089000 0.254500 0.169000 0.009500 
13.000000 0.485000 0.081500 0.253000 0.171000 0.009500 
13.500000 0.482500 0.084000 0.256500 0.167500 0.009500 
14.000000 0.478000 0.088500 0.249500 0.174500 0.009500 
14.500000 0.480000 0.087500 0.254500 0.169000 0.009000 
15.000000 0.473000 0.093000 0.256000 0.169000 0.009000 
15.500000 0.478000 0.087000 0.260500 0.165500 0.009000 
16.000000 0.484500 0.081000 0.256000 0.169500 0.009000 
16.500000 0.481500 0.083000 0.254000 0.172500 0.009000 
17.000000 0.485500 0.080000 0.246000 0.179500 0.009000 
17.500000 0.486500 0.077500 0.250000 0.177000 0.009000 
18.000000 0.477500 0.088000 0.248000 0.177500 0.009000 
18.500000 0.469000 0.096500 0.246500 0.179000 0.009000 
19.000000 0.474000 0.091500 0.251000 0.174500 0.009000 
19.500000 0.476000 0.089500 0.246500 0.179000 0.009000 
20.000000 0.472500 0.094000 0.253500 0.171000 0.009000 
20.500000 0.474500 0.093000 0.255000 0.168500 0.009000 
21.000000 0.475500 0.092500 0.251500 0.171500 0.009000 
21.500000 0.478500 0.089500 0.253000 0.170000 0.009000 
22.000000 0.471500 0.099000 0.255000 0.165000 0.009500 
22.500000 0.473500 0.095500 0.245500 0.175500 0.010000 
23.000000 0.471500 0.099500 0.251500 0.166500 0.011000 
23.500000 0.480000 0.092000 0.245500 0.171500 0.011000 
24.000000 0.481500 0.088500 0.254000 0.165000 0.011000 
24.500000 0.471000 0.099500 0.248000 0.170500 0.011000 
25.000000 0.469500 0.099000 0.249000 0.171500 0.011000 
25.500000 0.468000 0.101000 0.249000 0.171000 0.011000 
26.000000 0.471500 0.096500 0.257500 0.164000 0.010500 
26.500000 0.471000 0.097500 0.263500 0.157500 0.010500 
27.000000 0.472500 0.096000 0.261500 0.159500 0.010500 
27.500000 0.469000 0.099000 0.266500 0.154500 0.011000 
28.000000 0.462000 0.107500 0.271000 0.149000 0.010500 
28.500000 0.471000 0.098000 0.278000 0.142000 0.011000 
29.000000 0.483000 0.087000 0.278000 0.140500 0.011500 
29.500000 0.479000 0.089500 0.282000 0.138000 0.011500 
30.000000 0.467500 0.103000 0.275500 0.142500 0.011500 
30.500000 0.472000 0.098500 0.276000 0.142000 0.011500 
31.000000 0.484500 0.089500 0.270000 0.144000 0.012000 
31.500000 0.479000 0.095500 0.272000 0.141500 0.012000 
32.000000 0.468500 0.105500 0.275500 0.139000 0.011500 
32.500000 0.473500 0.101000 0.270500 0.143000 0.012000 
33.000000 0.470500 0.103000 0.275000 0.138500 0.013000 
33.500000 0.484000 0.088500 0.279000 0.135500 0.013000 
34.000000 0.486500 0.086000 0.280500 0.134000 0.013000 
34.500000 0.482000 0.090500 0.277000 0.136500 0.014000 
35.000000 0.483000 0.088500 0.277000 0.136500 0.015000 
35.500000 0.479000 0.093500 0.280000 0.132000 0.015500 
36.000000 0.480000 0.094500 0.276000 0.134500 0.015000 
36.500000 0.480000 0.095500 0.277500 0.132000 0.015000 
37.000000 0.485000 0.092000 0.278500 0.129500 0.015000 
37.500000 0.480500 0.097500 0.275500 0.131500 0.015000 
38.000000 0.482500 0.095500 0.282000 0.124500 0.015500 
38.500000 0.488500 0.091000 0.278500 0.126500 0.015500 
39.000000 0.488000 0.092500 0.280500 0.123500 0.015500 
39.500000 0.485000 0.094500 0.280000 0.125000 0.015500 
40.000000 0.486500 0.095500 0.276000 0.126500 0.015500 
40.500000 0.483000 0.100500 0.283500 0.117000 0.016000 
41.000000 0.486000 0.097000 0.282500 0.117500 0.017000 
41.500000 0.481500 0.101000 0.287000 0.113500 0.017000 
42.000000 0.491500 0.092500 0.282000 0.116500 0.017500 
42.500000 0.485500 0.100000 0.274500 0.121500 0.018500 
43.000000 0.490500 0.095500 0.285000 0.110000 0.019000 
43.500000 0.493000 0.092500 0.291000 0.104500 0.019000 
44.000000 0.496000 0.091500 0.288500 0.102500 0.021500 
44.500000 0.495500 0.093000 0.288000 0.102000 0.021500 
45.000000 0.496000 0.091000 0.291000 0.100500 0.021500 
45.500000 0.509000 0.078500 0.291500 0.099500 0.021500 
46.000000 0.508000 0.081500 0.287500 0.101500 0.021500 
46.500000 0.505500 0.085500 0.291500 0.096000 0.021500 
47.000000 0.500000 0.091500 0.288500 0.097500 0.022500 
47.500000 0.509000 0.083500 0.289500 0.094000 0.024000 
48.000000 0.506000 0.086000 0.296500 0.087000 0.024500 
48.500000 0.505000 0.088500 0.293000 0.089000 0.024500 
49.000000 0.512500 0.082000 0.291500 0.089000 0.025000 
49.500000 0.502500 0.093000 0.293000 0.086500 0.025000 
50.000000 0.510500 0.087500 0.298000 0.079000 0.025000 
50.500000 0.515000 0.085500 0.299500 0.075000 0.025000 
51.000000 0.509000 0.092000 0.299000 0.073500 0.026500 
51.500000 0.515000 0.087000 0.290000 0.081000 0.027000 
52.000000 0.519000 0.084500 0.288500 0.080500 0.027500 
52.500000 0.507500 0.096000 0.290500 0.078000 0.028000 
53.000000 0.512500 0.091500 0.294500 0.073000 0.028500 
53.500000 0.522500 0.082000 0.294000 0.073000 0.028500 
54.000000 0.524500 0.079000 0.297000 0.070000 0.029500 
54.500000 0.525500 0.080000 0.296000 0.067500 0.031000 
55.000000 0.528500 0.078500 0.295500 0.066500 0.031000 
55.500000 0.526000 0.082000 0.295500 0.065500 0.031000 
56.000000 0.530500 0.079000 0.296000 0.063000 0.031500 
56.500000 0.538000 0.072000 0.292500 0.067000 0.030500 
57.000000 0.544500 0.066500 0.290000 0.067500 0.031500 
57.500000 0.545000 0.065500 0.299000 0.059500 0.031000 
58.000000 0.540000 0.073000 0.294500 0.060500 0.032000 
58.500000 0.539000 0.072500 0.293000 0.063500 0.032000 
59.000000 0.530500 0.083000 0.296000 0.058500 0.032000 
59.500000 0.538500 0.073500 0.297000 0.058500 0.032500 
60.000000 0.524500 0.088500 0.293500 0.060000 0.033500 
60.500000 0.529500 0.084500 0.291000 0.060500 0.034500 
61.000000 0.534500 0.081500 0.295000 0.054500 0.034500 
61.500000 0.537000 0.078000 0.299000 0.051000 0.035000 
62.000000 0.539000 0.077000 0.295500 0.052500 0.036000 
62.500000 0.535500 0.082000 0.290500 0.055500 0.036500 
63.000000 0.540000 0.078500 0.291500 0.053500 0.036500 
63.500000 0.538500 0.078500 0.292000 0.054000 0.037000 
64.000000 0.540500 0.078000 0.292000 0.053000 0.036500 
64.500000 0.545000 0.075000 0.291000 0.052000 0.037000 
65.000000 0.546000 0.075000 0.289500 0.052000 0.037500 
65.500000 0.547500 0.073000 0.287500 0.053000 0.039000 
66.000000 0.545500 0.075000 0.287000 0.052500 0.040000 
66.500000 0.548500 0.073000 0.289000 0.049500 0.040000 
67.000000 0.545000 0.077000 0.289000 0.048500 0.040500 
67.500000 0.550500 0.072500 0.285500 0.050500 0.041000 
68.000000 0.543000 0.081000 0.282500 0.052000 0.041500 
68.500000 0.545500 0.078500 0.281500 0.053000 0.041500 
69.000000 0.552500 0.071500 0.287000 0.047500 0.041500 
69.500000 0.555500 0.070000 0.285500 0.046000 0.043000 
70.000000 0.558000 0.067000 0.284500 0.046500 0.044000 
70.500000 0.558000 0.069000 0.284500 0.043000 0.045500 
71.000000 0.556000 0.070500 0.283000 0.044000 0.046500 
71.500000 0.557500 0.069500 0.277500 0.049000 0.046500 
72.000000 0.565500 0.062500 0.283000 0.041500 0.047500 
72.500000 0.559500 0.070000 0.282500 0.040500 0.047500 
73.000000 0.562500 0.069000 0.280500 0.039500 0.048500 
73.500000 0.562500 0.069500 0.281500 0.037500 0.049000 
74.000000 0.561500 0.072000 0.284000 0.033500 0.049000 
74.500000 0.561000 0.072000 0.283500 0.033500 0.050000 
75.000000 0.571000 0.064500 0.277500 0.036500 0.050500 
75.500000 0.567500 0.070500 0.276500 0.033500 0.052000 
76.000000 0.557000 0.080500 0.273000 0.036500 0.053000 
76.500000 0.571500 0.067000 0.274500 0.033000 0.054000 
77.000000 0.564500 0.075000 0.272000 0.033000 0.055500 
77.500000 0.561500 0.079000 0.275500 0.027500 0.056500 
78.000000 0.562000 0.078500 0.272000 0.030000 0.057500 
78.500000 0.568000 0.074000 0.269000 0.031500 0.057500 
79.000000 0.566000 0.075000 0.269000 0.032500 0.057500 
79.500000 0.561500 0.082000 0.269500 0.029500 0.057500 
80.000000 0.565000 0.081000 0.268500 0.026500 0.059000 
80.500000 0.578000 0.067000 0.270500 0.026000 0.058500 
81.000000 0.580000 0.064000 0.270500 0.026500 0.059000 
81.500000 0.574500 0.070000 0.270500 0.026000 0.059000 
82.000000 0.562500 0.083500 0.265000 0.028000 0.061000 
82.500000 0.571500 0.074500 0.264500 0.029000 0.060500 
83.000000 0.583500 0.065000 0.264500 0.026000 0.061000 
83.500000 0.581000 0.067000 0.263000 0.028000 0.061000 
84.000000 0.582000 0.065500 0.263000 0.028000 0.061500 
84.500000 0.583500 0.065000 0.261500 0.029000 0.061000 
85.000000 0.581500 0.069000 0.263500 0.024000 0.062000 
85.500000 0.573000 0.077000 0.264000 0.024000 0.062000 
86.000000 0.571000 0.079500 0.261500 0.024000 0.064000 
86.500000 0.578500 0.072000 0.264000 0.021500 0.064000 
87.000000 0.575000 0.075500 0.260500 0.023500 0.065500 
87.500000 0.584500 0.067500 0.262000 0.021000 0.065000 
88.000000 0.591000 0.062500 0.259000 0.023000 0.064500 
88.500000 0.590500 0.064500 0.256500 0.024000 0.064500 
89.000000 0.586500 0.069500 0.257000 0.023000 0.064000 
89.500000 0.593500 0.062500 0.257500 0.021000 0.065500 
90.000000 0.589500 0.068000 0.257000 0.019500 0.066000 
90.500000 0.591500 0.066000 0.255000 0.021000 0.066500 
91.000000 0.603500 0.055000 0.251000 0.022500 0.068000 
91.500000 0.593500 0.064500 0.247500 0.023500 0.071000 
92.000000 0.604000 0.055000 0.247500 0.022500 0.071000 
92.500000 0.602000 0.058000 0.247500 0.021500 0.071000 
93.000000 0.593000 0.066000 0.248000 0.020000 0.073000 
93.500000 0.597000 0.063500 0.248000 0.019000 0.072500 
94.000000 0.597000 0.064000 0.246500 0.018500 0.074000 
94.500000 0.594500 0.067000 0.246000 0.018500 0.074000 
95.000000 0.592000 0.070000 0.242000 0.019500 0.076500 
95.500000 0.595000 0.067500 0.243000 0.018000 0.076500 
96.000000 0.595000 0.069000 0.240500 0.018500 0.077000 
96.500000 0.601500 0.062000 0.238000 0.021500 0.077000 
97.000000 0.597000 0.068000 0.238500 0.020000 0.076500 
97.500000 0.597000 0.067500 0.238000 0.020000 0.077500 
98.000000 0.605000 0.060000 0.237500 0.020500 0.077000 
98.500000 0.597000 0.068500 0.235500 0.021000 0.078000 
99.000000 0.598500 0.067000 0.235500 0.019500 0.079500 
99.500000 0.605000 0.060500 0.235000 0.018000 0.081500 
100.000000 0.604000 0.061500 0.233500 0.019000 0.082000 
100.500000 0.602500 0.064500 0.233000 0.017500 0.082500 
101.000000 0.603500 0.064000 0.232000 0.018000 0.082500 
101.500000 0.600500 0.067500 0.232000 0.017500 0.082500 
102.000000 0.606000 0.063000 0.233500 0.015000 0.082500 
102.500000 0.603000 0.066000 0.231500 0.017000 0.082500 
103.000000 0.599500 0.070500 0.230500 0.018000 0.081500 
103.500000 0.605000 0.065500 0.232000 0.015500 0.082000 
104.000000 0.608000 0.064000 0.229500 0.016000 0.082500 
104.500000 0.604500 0.066000 0.227500 0.018500 0.083500 
105.000000 0.608500 0.062500 0.230500 0.015000 0.083500 
105.500000 0.611500 0.061000 0.226500 0.015500 0.085500 
106.000000 0.613000 0.060000 0.225000 0.014500 0.087500 
106.500000 0.610000 0.065000 0.220000 0.016500 0.088500 
107.000000 0.614500 0.060000 0.218500 0.016500 0.090500 
107.500000 0.614500 0.060500 0.218500 0.015500 0.091000 
108.000000 0.616000 0.060000 0.217000 0.014500 0.092500 
108.500000 0.617000 0.058500 0.217000 0.015000 0.092500 
109.000000 0.618500 0.058000 0.216500 0.014000 0.093000 
109.500000 0.620500 0.057000 0.213500 0.015000 0.094000 
110.000000 0.615500 0.063500 0.211000 0.015500 0.094500 
110.500000 0.616500 0.063000 0.210500 0.014000 0.096000 
111.000000 0.624000 0.056500 0.208500 0.014500 0.096500 
111.500000 0.617500 0.063500 0.208500 0.012000 0.098500 
112.000000 0.623000 0.058000 0.208000 0.012500 0.098500 
112.500000 0.625500 0.055500 0.206500 0.013500 0.099000 
113.000000 0.626500 0.055500 0.207500 0.011000 0.099500 
113.500000 0.621500 0.059000 0.207500 0.012500 0.099500 
114.000000 0.623500 0.057000 0.207000 0.012500 0.100000 
114.500000 0.621500 0.060000 0.205500 0.013500 0.099500 
115.000000 0.623000 0.059000 0.203000 0.014500 0.100500 
115.500000 0.621500 0.061000 0.202000 0.015000 0.100500 
116.000000 0.613000 0.069000 0.201000 0.016500 0.100500 
116.500000 0.622500 0.060500 0.200500 0.015500 0.101000 
117.000000 0.627500 0.056500 0.197500 0.016500 0.102000 
117.500000 0.625500 0.060000 0.195500 0.016500 0.102500 
118.000000 0.619500 0.066500 0.198500 0.013000 0.102500 
118.500000 0.616500 0.071000 0.195000 0.015000 0.102500 
119.000000 0.618000 0.070000 0.194500 0.013500 0.104000 
119.500000 0.623500 0.065000 0.195000 0.012500 0.104000 
120.000000 0.624500 0.064000 0.195000 0.012000 0.104500 
120.500000 0.622000 0.067000 0.193500 0.013500 0.104000 
121.000000 0.631500 0.057500 0.192000 0.014000 0.105000 
121.500000 0.631500 0.056500 0.194500 0.012000 0.105500 
122.000000 0.627000 0.061000 0.195500 0.011000 0.105500 
122.500000 0.624500 0.065000 0.192000 0.012500 0.106000 
123.000000 0.623500 0.066000 0.192000 0.012500 0.106000 
123.500000 0.625500 0.064500 0.193000 0.010000 0.107000 
124.000000 0.627500 0.063000 0.190500 0.010500 0.108500 
124.500000 0.618000 0.073000 0.189500 0.011000 0.108500 
125.000000 0.621500 0.069500 0.190000 0.010000 0.109000 
125.500000 0.629500 0.061500 0.187000 0.011500 0.110500 
126.000000 0.623500 0.066500 0.186000 0.012500 0.111500 
126.500000 0.631000 0.060000 0.186000 0.012000 0.111000 
127.000000 0.634000 0.059000 0.182500 0.012000 0.112500 
127.500000 0.629500 0.062500 0.181000 0.013500 0.113500 
128.000000 0.633000 0.061500 0.182000 0.010000 0.113500 
128.500000 0.629500 0.063000 0.182000 0.011500 0.114000 
129.000000 0.635000 0.059000 0.182000 0.010000 0.114000 
129.500000 0.636000 0.058000 0.181500 0.009500 0.115000 
130.000000 0.635500 0.059500 0.180000 0.009000 0.116000 
130.500000 0.637500 0.059000 0.177000 0.010500 0.116000 
131.000000 0.647000 0.048500 0.177500 0.010500 0.116500 
131.500000 0.647500 0.049000 0.178500 0.007500 0.117500 
132.000000 0.640000 0.056000 0.178500 0.008000 0.117500 
132.500000 0.639500 0.057500 0.175500 0.009500 0.118000 
133.000000 0.639500 0.057500 0.174500 0.009000 0.119500 
133.500000 0.647000 0.051500 0.172500 0.009500 0.119500 
134.000000 0.645000 0.053000 0.169500 0.011500 0.121000 
134.500000 0.644000 0.054000 0.169000 0.011500 0.121500 
135.000000 0.643000 0.055500 0.166000 0.013500 0.122000 
135.500000 0.636500 0.061000 0.168500 0.011500 0.122500 
136.000000 0.640000 0.058000 0.169000 0.009000 0.124000 
136.500000 0.642000 0.057000 0.166500 0.011000 0.123500 
137.000000 0.638000 0.062000 0.165500 0.010500 0.124000 
137.500000 0.643000 0.058500 0.161000 0.012500 0.125000 
138.000000 0.641500 0.059500 0.165000 0.009000 0.125000 
138.500000 0.642500 0.058500 0.165000 0.008500 0.125500 
139.000000 0.637500 0.064000 0.164500 0.008500 0.125500 
139.500000 0.632500 0.069500 0.160500 0.012000 0.125500 
140.000000 0.635000 0.068500 0.162500 0.008500 0.125500 
140.500000 0.636500 0.066500 0.164000 0.007500 0.125500 
141.000000 0.637000 0.065500 0.162500 0.009000 0.126000 
141.500000 0.642000 0.061000 0.163000 0.007500 0.126500 
142.000000 0.642500 0.060000 0.164000 0.007000 0.126500 
142.500000 0.637500 0.065000 0.160500 0.010000 0.127000 
143.000000 0.638500 0.064500 0.160000 0.009500 0.127500 
143.500000 0.636000 0.068000 0.159000 0.010000 0.127000 
144.000000 0.638000 0.067500 0.157500 0.010000 0.127000 
144.500000 0.638000 0.068500 0.157000 0.008500 0.128000 
145.000000 0.644000 0.062500 0.155000 0.009000 0.129500 
145.500000 0.642000 0.065500 0.155500 0.007000 0.130000 
146.000000 0.637500 0.069000 0.155500 0.008500 0.129500 
146.500000 0.641000 0.065500 0.155500 0.008000 0.130000 
147.000000 0.651000 0.055500 0.153500 0.009000 0.131000 
147.500000 0.645000 0.061500 0.152500 0.009500 0.131500 
148.000000 0.639000 0.068000 0.152000 0.009000 0.132000 
148.500000 0.635500 0.073000 0.153000 0.006000 0.132500 
149.000000 0.638000 0.069500 0.151000 0.008500 0.133000 
149.500000 0.648500 0.059500 0.151500 0.007500 0.133000 
150.000000 0.645000 0.063000 0.151500 0.007000 0.133500 
150.500000 0.650000 0.058000 0.150000 0.007500 0.134500 
151.000000 0.654000 0.054000 0.150000 0.006000 0.136000 
151.500000 0.646500 0.061000 0.152500 0.004500 0.135500 
152.000000 0.639500 0.069000 0.150000 0.006000 0.135500 
152.500000 0.645500 0.064000 0.147000 0.007000 0.136500 
153.000000 0.639500 0.070000 0.143500 0.010000 0.137000 
153.500000 0.637000 0.073000 0.148000 0.005000 0.137000 
154.000000 0.643000 0.066500 0.146000 0.006000 0.138500 
154.500000 0.648000 0.061500 0.144500 0.007000 0.139000 
155.000000 0.651000 0.059000 0.145000 0.005500 0.139500 
155.500000 0.651000 0.059000 0.144000 0.006000 0.140000 
156.000000 0.652500 0.058000 0.144500 0.005000 0.140000 
156.500000 0.649500 0.059500 0.144000 0.006500 0.140500 
157.000000 0.649000 0.062000 0.141000 0.007000 0.141000 
157.500000 0.650000 0.061000 0.141500 0.007000 0.140500 
158.000000 0.664500 0.046000 0.143500 0.005000 0.141000 
158.500000 0.657000 0.054500 0.142000 0.006000 0.140500 
159.000000 0.651500 0.060500 0.138500 0.007000 0.142500 
159.500000 0.647500 0.065000 0.133000 0.011000 0.143500 
160.000000 0.645000 0.067000 0.135000 0.009000 0.144000 
160.500000 0.653500 0.060000 0.134000 0.007000 0.145500 
161.000000 0.653000 0.059500 0.133000 0.009500 0.145000 
161.500000 0.652000 0.062000 0.130000 0.011000 0.145000 
162.000000 0.646000 0.067500 0.133000 0.007500 0.146000 
162.500000 0.645000 0.068500 0.133500 0.007000 0.146000 
163.000000 0.655000 0.059500 0.132000 0.007500 0.146000 
163.500000 0.656500 0.058500 0.133000 0.005500 0.146500 
164.000000 0.654000 0.062500 0.130000 0.007500 0.146000 
164.500000 0.661000 0.055500 0.130500 0.006000 0.147000 
165.000000 0.662000 0.055000 0.130500 0.005000 0.147500 
165.500000 0.657500 0.059000 0.130500 0.005500 0.147500 
166.000000 0.664500 0.053500 0.127500 0.006000 0.148500 
166.500000 0.656000 0.061500 0.127000 0.006500 0.149000 
167.000000 0.654500 0.064000 0.126500 0.006500 0.148500 
167.500000 0.658500 0.059500 0.126500 0.006500 0.149000 
168.000000 0.656000 0.063000 0.125500 0.007000 0.148500 
168.500000 0.658000 0.062000 0.127500 0.004000 0.148500 
169.000000 0.661500 0.057500 0.125500 0.006500 0.149000 
169.500000 0.659500 0.061500 0.125500 0.004000 0.149500 
170.000000 0.658000 0.062000 0.126500 0.004000 0.149500 
170.500000 0.657000 0.064000 0.126000 0.003500 0.149500 
171.000000 0.658000 0.062500 0.125000 0.005000 0.149500 
171.500000 0.664000 0.057000 0.126500 0.004000 0.148500 
172.000000 0.652500 0.068500 0.124000 0.005500 0.149500 
172.500000 0.653500 0.068000 0.121500 0.006000 0.151000 
173.000000 0.659000 0.063000 0.121000 0.006000 0.151000 
173.500000 0.658500 0.063500 0.119000 0.007000 0.152000 
174.000000 0.658000 0.064000 0.119000 0.007500 0.151500 
174.500000 0.655500 0.067500 0.119500 0.005500 0.152000 
175.000000 0.655000 0.068000 0.116000 0.008500 0.152500 
175.500000 0.657000 0.065000 0.116000 0.009000 0.153000 
176.000000 0.656000 0.067000 0.116000 0.008000 0.153000 
176.500000 0.652500 0.071000 0.116000 0.007500 0.153000 
177.000000 0.653000 0.071000 0.114000 0.009500 0.152500 
177.500000 0.656500 0.067500 0.113500 0.009000 0.153500 
178.000000 0.661000 0.062500 0.114500 0.008500 0.153500 
178.500000 0.658500 0.066000 0.115000 0.006500 0.154000 
179.000000 0.660000 0.064500 0.114000 0.007500 0.154000 
179.500000 0.664000 0.061000 0.113000 0.008000 0.154000 
180.000000 0.655500 0.069500 0.114000 0.007500 0.153500 
180.500000 0.655000 0.069000 0.114500 0.007500 0.154000 
181.000000 0.665000 0.059000 0.112500 0.009500 0.154000 
181.500000 0.665500 0.059000 0.112500 0.009000 0.154000 
182.000000 0.668000 0.055500 0.113000 0.008500 0.155000 
182.500000 0.665500 0.058000 0.113000 0.008000 0.155500 
183.000000 0.665500 0.058500 0.112500 0.007500 0.156000 
183.500000 0.661500 0.063000 0.111000 0.009000 0.155500 
184.000000 0.657000 0.066500 0.110000 0.010500 0.156000 
184.500000 0.658500 0.064500 0.111500 0.010000 0.155500 
185.000000 0.662000 0.061500 0.109500 0.010500 0.156500 
185.500000 0.659500 0.063500 0.109500 0.011000 0.156500 
186.000000 0.663000 0.059000 0.112000 0.009000 0.157000 
186.500000 0.664500 0.058500 0.113000 0.007500 0.156500 
187.000000 0.656000 0.066500 0.112000 0.008500 0.157000 
187.500000 0.657000 0.066000 0.111000 0.008500 0.157500 
188.000000 0.653000 0.071000 0.111500 0.007000 0.157500 
188.500000 0.653000 0.069500 0.111500 0.008500 0.157500 
189.000000 0.655500 0.067500 0.112500 0.007000 0.157500 
189.500000 0.654000 0.068500 0.111000 0.008500 0.158000 
190.000000 0.655000 0.067000 0.109500 0.010000 0.158500 
190.500000 0.651000 0.070500 0.112000 0.008000 0.158500 
191.000000 0.648000 0.075000 0.109500 0.008000 0.159500 
191.500000 0.654500 0.069500 0.108000 0.008500 0.159500 
192.000000 0.648000 0.075000 0.109500 0.007500 0.160000 
192.500000 0.653500 0.069000 0.107500 0.009500 0.160500 
193.000000 0.660500 0.062500 0.107000 0.009500 0.160500 
193.500000 0.665000 0.058000 0.105500 0.010000 0.161500 
194.000000 0.663000 0.059500 0.105500 0.010000 0.162000 
194.500000 0.666000 0.057000 0.107000 0.007500 0.162500 
195.000000 0.660500 0.062000 0.109000 0.006000 0.162500 
195.500000 0.661500 0.061000 0.107500 0.007500 0.162500 
196.000000 0.668500 0.055000 0.106500 0.007500 0.162500 
196.500000 0.664500 0.059500 0.105000 0.008500 0.162500 
197.000000 0.666000 0.059000 0.104500 0.008000 0.162500 
197.500000 0.668000 0.057000 0.103000 0.009000 0.163000 
198.000000 0.661500 0.062500 0.103000 0.009500 0.163500 
198.500000 0.666500 0.057500 0.103500 0.009000 0.163500 
199.000000 0.668000 0.055500 0.104000 0.009500 0.163000 
199.500000 0.667500 0.056000 0.103000 0.010000 0.163500 
200.000000 0.653500 0.068500 0.104500 0.011000 0.162500 
200.500000 0.658500 0.065000 0.104000 0.010000 0.162500 
201.000000 0.656000 0.068500 0.102000 0.011000 0.162500 
201.500000 0.657000 0.067000 0.103000 0.009500 0.163500 
202.000000 0.666000 0.060500 0.102000 0.008000 0.163500 
202.500000 0.662500 0.063500 0.101500 0.008500 0.164000 
203.000000 0.663000 0.063500 0.102000 0.007500 0.164000 
203.500000 0.658000 0.069500 0.099000 0.009500 0.164000 
204.000000 0.664000 0.062000 0.100500 0.010000 0.163500 
204.500000 0.667500 0.058500 0.101000 0.010000 0.163000 
205.000000 0.660000 0.066500 0.102500 0.007500 0.163500 
205.500000 0.666500 0.060500 0.102000 0.007000 0.164000 
206.000000 0.662000 0.064500 0.103000 0.006500 0.164000 
206.500000 0.658500 0.069000 0.102000 0.006500 0.164000 
207.000000 0.664500 0.062500 0.102500 0.007000 0.163500 
207.500000 0.663000 0.064500 0.101000 0.008500 0.163000 
208.000000 0.660500 0.066000 0.099500 0.010000 0.164000 
208.500000 0.660500 0.067000 0.099000 0.009000 0.164500 
209.000000 0.656500 0.070000 0.098000 0.011000 0.164500 
209.500000 0.657500 0.070000 0.096000 0.012000 0.164500 
210.000000 0.659000 0.067000 0.099000 0.009500 0.165500 
210.500000 0.656500 0.070000 0.099500 0.008500 0.165500 
211.000000 0.651000 0.074500 0.099500 0.010000 0.165000 
211.500000 0.652000 0.074000 0.098500 0.010500 0.165000 
212.000000 0.657000 0.070000 0.099000 0.009000 0.165000 
212.500000 0.660500 0.066500 0.098500 0.009500 0.165000 
213.000000 0.669000 0.058500 0.096000 0.011500 0.165000 
213.500000 0.665500 0.062000 0.095000 0.012500 0.165000 
214.000000 0.660000 0.067000 0.096000 0.011500 0.165500 
214.500000 0.658500 0.070500 0.098000 0.007000 0.166000 
215.000000 0.659000 0.069500 0.097500 0.007500 0.166500 
215.500000 0.656500 0.073000 0.096000 0.008000 0.166500 
216.000000 0.661000 0.069000 0.095000 0.008500 0.166500 
216.500000 0.665500 0.065000 0.094500 0.008000 0.167000 
217.000000 0.662500 0.068000 0.093000 0.009000 0.167500 
217.500000 0.663000 0.069000 0.093500 0.007000 0.167500 
218.000000 0.667000 0.066000 0.092000 0.007000 0.168000 
218.500000 0.663500 0.068500 0.091000 0.008500 0.168500 
219.000000 0.656500 0.075500 0.091500 0.007500 0.169000 
219.500000 0.663000 0.069500 0.091000 0.007500 0.169000 
220.000000 0.656500 0.076000 0.091000 0.007000 0.169500 
220.500000 0.664000 0.069000 0.092000 0.006000 0.169000 
221.000000 0.661500 0.071500 0.090500 0.007500 0.169000 
221.500000 0.661000 0.072500 0.091000 0.006500 0.169000 
222.000000 0.668000 0.065500 0.090000 0.007500 0.169000 
222.500000 0.665000 0.068000 0.091500 0.006000 0.169500 
223.000000 0.669500 0.065000 0.090500 0.005500 0.169500 
223.500000 0.669000 0.065500 0.092000 0.005000 0.168500 
224.000000 0.668500 0.066000 0.090500 0.006000 0.169000 
224.500000 0.666000 0.068500 0.090500 0.005500 0.169500 
225.000000 0.667500 0.066000 0.090000 0.006000 0.170500 
225.500000 0.668500 0.066500 0.088500 0.005500 0.171000 
226.000000 0.668000 0.066500 0.089000 0.006000 0.170500 
226.500000 0.678000 0.057000 0.088500 0.005000 0.171500 
227.000000 0.671000 0.064500 0.088000 0.005000 0.171500 
227.500000 0.675000 0.060000 0.088000 0.005500 0.171500 
228.000000 0.671000 0.064000 0.085500 0.007000 0.172500 
228.500000 0.674500 0.060000 0.088500 0.004500 0.172500 
229.000000 0.671000 0.064500 0.086500 0.005000 0.173000 
229.500000 0.670500 0.065000 0.086000 0.004000 0.174500 
230.000000 0.671000 0.064500 0.085000 0.004500 0.175000 
230.500000 0.680000 0.056000 0.086000 0.003500 0.174500 
231.000000 0.673500 0.064000 0.084000 0.003000 0.175500 
231.500000 0.673000 0.064500 0.083000 0.004500 0.175000 
232.000000 0.670500 0.066500 0.083000 0.005000 0.175000 
232.500000 0.670500 0.067500 0.082500 0.005000 0.174500 
233.000000 0.670000 0.069500 0.082500 0.003500 0.174500 
233.500000 0.670000 0.068500 0.083500 0.003500 0.174500 
234.000000 0.674500 0.063500 0.083500 0.004000 0.174500 
234.500000 0.671500 0.067500 0.083000 0.003500 0.174500 
235.000000 0.670000 0.069500 0.082500 0.003500 0.174500 
235.500000 0.673500 0.067000 0.081500 0.003500 0.174500 
236.000000 0.672000 0.068000 0.083000 0.003000 0.174000 
236.500000 0.671000 0.069500 0.082000 0.002500 0.175000 
237.000000 0.672500 0.068500 0.082000 0.002500 0.174500 
237.500000 0.665500 0.075000 0.082000 0.003000 0.174500 
238.000000 0.668500 0.072000 0.081500 0.003500 0.174500 
238.500000 0.665500 0.073500 0.081000 0.005500 0.174500 
239.000000 0.662500 0.077000 0.080500 0.005500 0.174500 
239.500000 0.668000 0.072500 0.078500 0.005500 0.175500 
240.000000 0.666500 0.074000 0.079000 0.005000 0.175500 
240.500000 0.673000 0.067000 0.078500 0.006000 0.175500 
241.000000 0.673000 0.068000 0.079000 0.004500 0.175500 
241.500000 0.674500 0.066500 0.079000 0.004000 0.176000 
242.000000 0.674000 0.066500 0.078000 0.006000 0.175500 
242.500000 0.673500 0.067500 0.078000 0.005000 0.176000 
243.000000 0.679000 0.062000 0.078000 0.005500 0.175500 
243.500000 0.671500 0.069000 0.077000 0.007000 0.175500 
244.000000 0.670500 0.069500 0.078000 0.006000 0.176000 
244.500000 0.667000 0.074000 0.078000 0.005500 0.175500 
245.000000 0.674000 0.067500 0.076000 0.006500 0.176000 
245.500000 0.673000 0.068500 0.077000 0.005500 0.176000 
246.000000 0.673000 0.069000 0.078000 0.003500 0.176500 
246.500000 0.675500 0.067500 0.076000 0.004500 0.176500 
247.000000 0.674500 0.068000 0.077000 0.004000 0.176500 
247.500000 0.677000 0.067000 0.076500 0.003000 0.176500 
248.000000 0.679500 0.065000 0.072500 0.006000 0.177000 
248.500000 0.677500 0.065500 0.076000 0.004000 0.177000 
249.000000 0.672000 0.071500 0.076000 0.003000 0.177500 
249.500000 0.674000 0.070500 0.074500 0.003500 0.177500 
250.000000 0.679500 0.064500 0.074000 0.004500 0.177500 
250.500000 0.677500 0.066500 0.074500 0.004000 0.177500 
251.000000 0.670000 0.073500 0.075000 0.003500 0.178000 
251.500000 0.673000 0.071500 0.074000 0.004000 0.177500 
252.000000 0.673500 0.071500 0.074000 0.004500 0.176500 
252.500000 0.676500 0.068500 0.074000 0.003500 0.177500 
253.000000 0.674500 0.070500 0.075000 0.003500 0.176500 
253.500000 0.672000 0.072500 0.074500 0.003500 0.177500 
254.000000 0.671500 0.073500 0.071500 0.004000 0.179500 
254.500000 0.680500 0.063500 0.071500 0.005500 0.179000 
255.000000 0.681500 0.064000 0.069000 0.005000 0.180500 
255.500000 0.677000 0.068000 0.069500 0.006000 0.179500 
256.000000 0.674500 0.071000 0.067500 0.008000 0.179000 
256.500000 0.675500 0.071000 0.068500 0.006000 0.179000 
257.000000 0.686500 0.060500 0.067500 0.006000 0.179500 
257.500000 0.682500 0.066000 0.067500 0.005000 0.179000 
258.000000 0.686500 0.061500 0.066500 0.006000 0.179500 
258.500000 0.678000 0.070000 0.066000 0.006000 0.180000 
259.000000 0.679500 0.068500 0.067500 0.004000 0.180500 
259.500000 0.684500 0.065000 0.065000 0.005000 0.180500 
260.000000 0.682500 0.067000 0.064500 0.005500 0.180500 
260.500000 0.683500 0.065000 0.066500 0.004500 0.180500 
261.000000 0.687000 0.061000 0.066500 0.005000 0.180500 
261.500000 0.682500 0.065000 0.067500 0.005000 0.180000 
262.000000 0.679000 0.068500 0.065500 0.005500 0.181500 
262.500000 0.678500 0.071500 0.063500 0.005000 0.181500 
263.000000 0.679500 0.070000 0.065000 0.003500 0.182000 
263.500000 0.683500 0.065000 0.065500 0.004000 0.182000 
264.000000 0.690000 0.060500 0.064500 0.002500 0.182500 
264.500000 0.685500 0.064000 0.066000 0.002500 0.182000 
265.000000 0.684000 0.066500 0.064500 0.003000 0.182000 
265.500000 0.687500 0.063500 0.064500 0.002500 0.182000 
266.000000 0.686500 0.064000 0.066000 0.001500 0.182000 
266.500000 0.688500 0.062500 0.066000 0.001500 0.181500 
267.000000 0.691000 0.060000 0.066500 0.002500 0.180000 
267.500000 0.687000 0.064500 0.065000 0.002500 0.181000 
268.000000 0.684500 0.067000 0.065000 0.003000 0.180500 
268.500000 0.678500 0.073000 0.064000 0.004000 0.180500 
269.000000 0.680000 0.071000 0.064000 0.005000 0.180000 
269.500000 0.674000 0.077500 0.064000 0.004500 0.180000 
270.000000 0.674500 0.077500 0.064500 0.004500 0.179000 
270.500000 0.671000 0.081000 0.067000 0.003000 0.178000 
271.000000 0.678500 0.073000 0.067500 0.002500 0.178500 
271.500000 0.674000 0.078500 0.066500 0.003000 0.178000 
272.000000 0.675000 0.076500 0.066000 0.004000 0.178500 
272.500000 0.685500 0.065500 0.066000 0.004500 0.178500 
273.000000 0.686000 0.064000 0.066000 0.005000 0.179000 
273.500000 0.675500 0.075000 0.068500 0.002500 0.178500 
274.000000 0.678500 0.072500 0.067000 0.003000 0.179000 
274.500000 0.677500 0.073000 0.067000 0.003000 0.179500 
275.000000 0.684500 0.067000 0.066000 0.003000 0.179500 
275.500000 0.685500 0.066000 0.067500 0.002000 0.179000 
276.000000 0.685500 0.066000 0.064000 0.004500 0.180000 
276.500000 0.686500 0.066000 0.065000 0.003500 0.179000 
277.000000 0.691000 0.062000 0.066000 0.002000 0.179000 
277.500000 0.685500 0.067000 0.063000 0.004000 0.180500 
278.000000 0.677500 0.075500 0.064500 0.002500 0.180000 
278.500000 0.683000 0.069500 0.064000 0.002500 0.181000 
279.000000 0.681000 0.071000 0.065000 0.002000 0.181000 
279.500000 0.683000 0.070000 0.063000 0.002500 0.181500 
280.000000 0.686000 0.067500 0.062000 0.003000 0.181500 
280.500000 0.687500 0.065500 0.061500 0.003500 0.182000 
281.000000 0.688000 0.065000 0.062500 0.003000 0.181500 
281.500000 0.693000 0.059500 0.062500 0.003500 0.181500 
282.000000 0.691500 0.062000 0.061500 0.003500 0.181500 
282.500000 0.681000 0.073000 0.059000 0.004000 0.183000 
283.000000 0.685000 0.069000 0.060000 0.003500 0.182500 
283.500000 0.683000 0.070000 0.059000 0.004500 0.183500 
284.000000 0.686000 0.067500 0.058000 0.004500 0.184000 
284.500000 0.687000 0.065000 0.059500 0.004000 0.184500 
285.000000 0.681500 0.071000 0.060000 0.003000 0.184500 
285.500000 0.683500 0.069000 0.058000 0.004000 0.185500 
286.000000 0.690500 0.062500 0.057500 0.004500 0.185000 
286.500000 0.684500 0.069000 0.057500 0.004000 0.185000 
287.000000 0.689000 0.064500 0.057500 0.003500 0.185500 
287.500000 0.687000 0.067000 0.057500 0.003000 0.185500 
288.000000 0.685000 0.070500 0.057000 0.002000 0.185500 
288.500000 0.692000 0.063000 0.056000 0.003000 0.186000 
289.000000 0.684500 0.071500 0.053500 0.003500 0.187000 
289.500000 0.683000 0.072000 0.054500 0.003500 0.187000 
290.000000 0.682500 0.071500 0.057000 0.002500 0.186500 
290.500000 0.682000 0.073000 0.054500 0.004000 0.186500 
291.000000 0.686000 0.069000 0.053500 0.005000 0.186500 
291.500000 0.679000 0.075500 0.055000 0.004000 0.186500 
292.000000 0.681000 0.073000 0.053500 0.006500 0.186000 
292.500000 0.686000 0.069000 0.053500 0.005500 0.186000 
293.000000 0.686000 0.068500 0.055000 0.004500 0.186000 
293.500000 0.686500 0.069000 0.052500 0.005000 0.187000 
294.000000 0.690000 0.064500 0.055000 0.004500 0.186000 
294.500000 0.689000 0.066000 0.054500 0.004000 0.186500 
295.000000 0.689500 0.066000 0.053000 0.005000 0.186500 
295.500000 0.684500 0.070000 0.055000 0.004000 0.186500 
296.000000 0.695500 0.060000 0.055000 0.004000 0.185500 
296.500000 0.684000 0.071500 0.054000 0.004500 0.186000 
297.000000 0.687000 0.068500 0.055500 0.003500 0.185500 
297.500000 0.683000 0.072500 0.055000 0.003000 0.186500 
298.000000 0.676000 0.079500 0.055500 0.002500 0.186500 
298.500000 0.675000 0.080000 0.057000 0.003000 0.185000 
299.000000 0.681500 0.073500 0.057500 0.002000 0.185500 
299.500000 0.681500 0.074000 0.056500 0.002500 0.185500 
300.000000 0.682500 0.073500 0.056000 0.003000 0.185000 
300.500000 0.679500 0.076500 0.055500 0.003000 0.185500 
301.000000 0.678500 0.077000 0.056000 0.003500 0.185000 
301.500000 0.678000 0.077500 0.056000 0.003500 0.185000 
302.000000 0.675500 0.080500 0.055500 0.003500 0.185000 
302.500000 0.681000 0.074000 0.057000 0.003000 0.185000 
303.000000 0.684500 0.071000 0.057500 0.002500 0.184500 
303.500000 0.679500 0.076000 0.056000 0.003500 0.185000 
304.000000 0.682000 0.074000 0.055000 0.004000 0.185000 
304.500000 0.693500 0.062500 0.055000 0.004500 0.184500 
305.000000 0.692500 0.065000 0.055500 0.003000 0.184000 
305.500000 0.690000 0.067000 0.056000 0.002000 0.185000 
306.000000 0.686000 0.070500 0.056000 0.002500 0.185000 
306.500000 0.691500 0.066000 0.055500 0.001500 0.185500 
307.000000 0.682500 0.075500 0.055500 0.001000 0.185500 
307.500000 0.683500 0.074000 0.055500 0.002000 0.185000 
308.000000 0.684500 0.073000 0.054500 0.003000 0.185000 
308.500000 0.687000 0.070000 0.055500 0.002500 0.185000 
309.000000 0.694500 0.062500 0.056500 0.002500 0.184000 
309.500000 0.689500 0.068000 0.056000 0.002500 0.184000 
310.000000 0.695500 0.061500 0.056500 0.002500 0.184000 
310.500000 0.693500 0.064000 0.056500 0.001500 0.184500 
311.000000 0.690000 0.067000 0.055000 0.003500 0.184500 
311.500000 0.694000 0.062500 0.056000 0.002500 0.185000 
312.000000 0.697000 0.059500 0.056500 0.002000 0.185000 
312.500000 0.697000 0.059500 0.058000 0.001000 0.184500 
313.000000 0.686000 0.071500 0.056500 0.001500 0.184500 
313.500000 0.690500 0.066500 0.055500 0.003000 0.184500 
314.000000 0.688000 0.069500 0.057000 0.001000 0.184500 
314.500000 0.686500 0.070500 0.056500 0.002500 0.184000 
315.000000 0.686500 0.070500 0.058000 0.001000 0.184000 
315.500000 0.687500 0.069500 0.058000 0.001500 0.183500 
316.000000 0.682000 0.075500 0.054000 0.004000 0.184500 
316.500000 0.681000 0.076500 0.056000 0.002500 0.184000 
317.000000 0.680500 0.076500 0.056500 0.001500 0.185000 
317.500000 0.679500 0.078000 0.054500 0.003000 0.185000 
318.000000 0.679000 0.077000 0.057500 0.002000 0.184500 
318.500000 0.688000 0.070000 0.055500 0.001500 0.185000 
319.000000 0.694500 0.063000 0.056000 0.001500 0.185000 
319.500000 0.689500 0.068000 0.056000 0.001500 0.185000 
320.000000 0.688500 0.069000 0.055500 0.002000 0.185000 
320.500000 0.689500 0.067000 0.056000 0.002000 0.185500 
321.000000 0.682000 0.075500 0.056500 0.001000 0.185000 
321.500000 0.685000 0.072500 0.054500 0.002000 0.186000 
322.000000 0.687000 0.069000 0.056500 0.001500 0.186000 
322.500000 0.684000 0.072000 0.054500 0.003500 0.186000 
323.000000 0.685500 0.071000 0.054500 0.003500 0.185500 
323.500000 0.684500 0.072500 0.055000 0.002000 0.186000 
324.000000 0.695000 0.062500 0.055000 0.002500 0.185000 
324.500000 0.691500 0.066500 0.054500 0.001500 0.186000 
325.000000 0.692500 0.064500 0.056000 0.001500 0.185500 
325.500000 0.690500 0.067000 0.055500 0.001500 0.185500 
326.000000 0.682000 0.074500 0.055500 0.002500 0.185500 
326.500000 0.681000 0.075500 0.055500 0.002500 0.185500 
327.000000 0.677000 0.079500 0.056000 0.002500 0.185000 
327.500000 0.680500 0.076000 0.055500 0.003000 0.185000 
328.000000 0.688000 0.068000 0.055000 0.004000 0.185000 
328.500000 0.685500 0.071000 0.054500 0.004000 0.185000 
329.000000 0.685500 0.071000 0.055000 0.003000 0.185500 
329.500000 0.681000 0.076000 0.054000 0.004000 0.185000 
330.000000 0.683500 0.073500 0.052500 0.005000 0.185500 
330.500000 0.687000 0.069000 0.056500 0.002500 0.185000 
331.000000 0.693000 0.063500 0.056000 0.003000 0.184500 
331.500000 0.691500 0.066500 0.055000 0.001500 0.185500 
332.000000 0.694000 0.063500 0.054500 0.003000 0.185000 
332.500000 0.691500 0.066000 0.055500 0.001500 0.185500 
333.000000 0.689000 0.068500 0.055500 0.001500 0.185500 
333.500000 0.683000 0.074000 0.054500 0.002000 0.186500 
334.000000 0.692000 0.065000 0.055000 0.002000 0.186000 
334.500000 0.689000 0.069000 0.054500 0.001000 0.186500 
335.000000 0.689000 0.068000 0.054000 0.002500 0.186500 
335.500000 0.689000 0.068000 0.054000 0.002500 0.186500 
336.000000 0.686000 0.071500 0.054500 0.001500 0.186500 
336.500000 0.691000 0.067500 0.054500 0.001000 0.186000 
337.000000 0.692000 0.067500 0.053500 0.000500 0.186500 
337.500000 0.691000 0.069000 0.051500 0.001000 0.187500 
338.000000 0.688000 0.071500 0.051500 0.001500 0.187500 
338.500000 0.693500 0.066000 0.052500 0.000500 0.187500 
339.000000 0.694500 0.065000 0.052000 0.001500 0.187000 
339.500000 0.690500 0.070500 0.050500 0.001000 0.187500 
340.000000 0.691000 0.069000 0.051000 0.001500 0.187500 
340.500000 0.699500 0.061500 0.050000 0.001500 0.187500 
341.000000 0.689500 0.070000 0.051000 0.001500 0.188000 
341.500000 0.693000 0.066000 0.052000 0.001500 0.187500 
342.000000 0.691000 0.069000 0.052500 0.000500 0.187000 
342.500000 0.698000 0.062000 0.051500 0.001500 0.187000 
343.000000 0.691500 0.067500 0.053000 0.001000 0.187000 
343.500000 0.694500 0.066000 0.052000 0.001000 0.186500 
344.000000 0.697500 0.062000 0.052000 0.000500 0.188000 
344.500000 0.694500 0.066000 0.051000 0.000500 0.188000 
345.000000 0.688000 0.071000 0.052500 0.001000 0.187500 
345.500000 0.688500 0.069500 0.052000 0.002500 0.187500 
346.000000 0.695500 0.064000 0.050500 0.001500 0.188500 
346.500000 0.696000 0.063500 0.050500 0.001000 0.189000 
347.000000 0.696500 0.063000 0.050000 0.001000 0.189500 
347.500000 0.696000 0.063500 0.050000 0.001000 0.189500 
348.000000 0.691500 0.068000 0.048500 0.002000 0.190000 
348.500000 0.692500 0.067500 0.048000 0.003000 0.189000 
349.000000 0.689000 0.071000 0.047000 0.003000 0.190000 
349.500000 0.688500 0.071500 0.047500 0.002500 0.190000 
350.000000 0.694000 0.065500 0.049000 0.002000 0.189500 
350.500000 0.693000 0.067000 0.047500 0.003000 0.189500 
351.000000 0.697000 0.063000 0.048500 0.003000 0.188500 
351.500000 0.697500 0.062000 0.050000 0.002000 0.188500 
352.000000 0.693500 0.066000 0.048500 0.003500 0.188500 
