0.000000 0.467794 0.079375 0.273260 0.171763 0.007807 
0.500000 0.465192 0.081327 0.265452 0.180221 0.007807 
1.000000 0.464541 0.082628 0.260898 0.184125 0.007807 
1.500000 0.465843 0.081327 0.258295 0.187378 0.007157 
2.000000 0.460638 0.086532 0.264802 0.180872 0.007157 
2.500000 0.448926 0.096942 0.269356 0.177619 0.007157 
3.000000 0.446975 0.102798 0.262850 0.180221 0.007157 
3.500000 0.451529 0.096291 0.262199 0.182173 0.007807 
4.000000 0.434613 0.108003 0.260898 0.188679 0.007807 
4.500000 0.436565 0.106051 0.264802 0.184125 0.008458 
5.000000 0.429408 0.109954 0.264802 0.186727 0.009109 
5.500000 0.428757 0.113208 0.256344 0.192583 0.009109 
6.000000 0.427456 0.119063 0.246584 0.196487 0.010410 
6.500000 0.418998 0.131425 0.243331 0.195185 0.011061 
7.000000 0.418347 0.132075 0.253090 0.184125 0.012362 
7.500000 0.416396 0.137280 0.250488 0.180872 0.014964 
8.000000 0.418998 0.145088 0.251789 0.168510 0.015615 
8.500000 0.422902 0.149642 0.243982 0.165257 0.018217 
9.000000 0.431360 0.142485 0.248536 0.157450 0.020169 
9.500000 0.430059 0.148992 0.248536 0.149642 0.022772 
10.000000 0.435264 0.150943 0.253741 0.134678 0.025374 
10.500000 0.427456 0.162004 0.249837 0.133377 0.027326 
11.000000 0.433962 0.160052 0.250488 0.126871 0.028627 
11.500000 0.439818 0.158100 0.255693 0.114509 0.031880 
12.000000 0.444372 0.152245 0.256344 0.113858 0.033182 
12.500000 0.443071 0.155498 0.256344 0.111906 0.033182 
13.000000 0.457385 0.144437 0.260247 0.102798 0.035133 
13.500000 0.463891 0.142485 0.256994 0.099545 0.037085 
14.000000 0.461939 0.145738 0.260247 0.094990 0.037085 
14.500000 0.471047 0.138582 0.257645 0.094990 0.037736 
15.000000 0.475602 0.135329 0.256344 0.093689 0.039037 
15.500000 0.476252 0.135329 0.258946 0.090436 0.039037 
16.000000 0.470397 0.141835 0.266103 0.082628 0.039037 
16.500000 0.486662 0.126871 0.260247 0.087183 0.039037 
17.000000 0.482108 0.131425 0.262199 0.085231 0.039037 
17.500000 0.482108 0.131425 0.259597 0.087183 0.039688 
18.000000 0.484060 0.128822 0.264151 0.083279 0.039688 
18.500000 0.497072 0.115159 0.259597 0.088484 0.039688 
19.000000 0.508783 0.104099 0.261548 0.085882 0.039688 
19.500000 0.510085 0.102147 0.262850 0.085231 0.039688 
20.000000 0.514639 0.097593 0.260898 0.087833 0.039037 
20.500000 0.515940 0.096291 0.256344 0.091737 0.039688 
21.000000 0.520494 0.090436 0.255042 0.094340 0.039688 
21.500000 0.512036 0.098894 0.245934 0.103448 0.039688 
22.000000 0.512687 0.096942 0.235524 0.115159 0.039688 
22.500000 0.500325 0.109304 0.229018 0.121666 0.039688 
23.000000 0.502928 0.108653 0.209499 0.139232 0.039688 
23.500000 0.498373 0.109304 0.204294 0.148341 0.039688 
24.000000 0.489265 0.116461 0.199740 0.153546 0.040989 
24.500000 0.472349 0.129473 0.192583 0.164606 0.040989 
25.000000 0.448926 0.149642 0.182824 0.176968 0.041640 
25.500000 0.438517 0.155498 0.162004 0.202342 0.041640 
26.000000 0.407287 0.175667 0.160703 0.214704 0.041640 
26.500000 0.391672 0.196487 0.162004 0.208198 0.041640 
27.000000 0.384515 0.197137 0.160052 0.211451 0.046845 
27.500000 0.364346 0.212101 0.167859 0.204945 0.050748 
28.000000 0.361093 0.213403 0.167859 0.202993 0.054652 
28.500000 0.360442 0.216005 0.166558 0.195185 0.061809 
29.000000 0.347430 0.225764 0.172414 0.189980 0.064411 
29.500000 0.350033 0.231620 0.171113 0.180872 0.066363 
30.000000 0.348731 0.237476 0.176968 0.164606 0.072219 
30.500000 0.345478 0.243331 0.178269 0.156148 0.076773 
31.000000 0.363696 0.225114 0.178269 0.156799 0.076122 
31.500000 0.369551 0.225764 0.176318 0.148992 0.079375 
32.000000 0.374756 0.225114 0.184776 0.134678 0.080677 
32.500000 0.376708 0.223162 0.178920 0.138582 0.082628 
33.000000 0.374105 0.225114 0.180872 0.135329 0.084580 
33.500000 0.390371 0.218608 0.174366 0.128172 0.088484 
34.000000 0.392323 0.216005 0.182824 0.119714 0.089135 
34.500000 0.404684 0.205595 0.178920 0.120364 0.090436 
35.000000 0.413793 0.201041 0.180221 0.113858 0.091087 
35.500000 0.424203 0.191932 0.184125 0.109304 0.090436 
36.000000 0.428107 0.189330 0.186727 0.104750 0.091087 
36.500000 0.432661 0.186727 0.180221 0.108653 0.091737 
37.000000 0.445023 0.173715 0.184776 0.104099 0.092388 
37.500000 0.441770 0.178920 0.186727 0.099545 0.093038 
38.000000 0.456734 0.163305 0.190631 0.096291 0.093038 
38.500000 0.465843 0.154196 0.185426 0.101496 0.093038 
39.000000 0.474301 0.145738 0.192583 0.094340 0.093038 
39.500000 0.482759 0.137280 0.191932 0.094990 0.093038 
40.000000 0.483409 0.135979 0.196487 0.091737 0.092388 
40.500000 0.480156 0.137931 0.190631 0.098894 0.092388 
41.000000 0.485361 0.131425 0.189980 0.100846 0.092388 
41.500000 0.495120 0.123617 0.184125 0.104099 0.093038 
42.000000 0.500325 0.116461 0.175667 0.114509 0.093038 
42.500000 0.499675 0.117111 0.162655 0.127521 0.093038 
43.000000 0.504229 0.111906 0.166558 0.124268 0.093038 
43.500000 0.489915 0.124919 0.167859 0.123617 0.093689 
44.000000 0.482108 0.130124 0.169811 0.124919 0.093038 
44.500000 0.471047 0.137280 0.163956 0.135329 0.092388 
45.000000 0.461939 0.143136 0.164606 0.137931 0.092388 
45.500000 0.445023 0.156799 0.154847 0.150293 0.093038 
46.000000 0.420299 0.169811 0.160703 0.155498 0.093689 
46.500000 0.419649 0.176318 0.161353 0.147690 0.094990 
47.000000 0.400781 0.188029 0.162655 0.150943 0.097593 
47.500000 0.384515 0.202342 0.165257 0.145738 0.102147 
48.000000 0.372154 0.206897 0.168510 0.147690 0.104750 
48.500000 0.366298 0.208848 0.173715 0.144437 0.106701 
49.000000 0.363696 0.218608 0.173064 0.135329 0.109304 
49.500000 0.374105 0.208198 0.181522 0.123617 0.112557 
50.000000 0.368900 0.215355 0.186077 0.113208 0.116461 
50.500000 0.366298 0.220560 0.186727 0.105400 0.121015 
51.000000 0.368900 0.217957 0.186077 0.104750 0.122316 
51.500000 0.370852 0.220560 0.186077 0.094990 0.127521 
52.000000 0.369551 0.225114 0.190631 0.087183 0.127521 
52.500000 0.374105 0.220560 0.193234 0.081327 0.130774 
53.000000 0.374756 0.221210 0.188679 0.083279 0.132075 
53.500000 0.382563 0.214053 0.189980 0.081327 0.132075 
54.000000 0.395576 0.205595 0.186077 0.077424 0.135329 
54.500000 0.408588 0.191932 0.190631 0.073520 0.135329 
55.000000 0.408588 0.190631 0.190631 0.074170 0.135979 
55.500000 0.421601 0.179571 0.189980 0.072219 0.136630 
56.000000 0.419649 0.180872 0.190631 0.072869 0.135979 
56.500000 0.426155 0.174366 0.188679 0.074821 0.135979 
57.000000 0.433312 0.166558 0.195185 0.068966 0.135979 
57.500000 0.440468 0.160052 0.191282 0.071568 0.136630 
58.000000 0.449577 0.151594 0.189330 0.072869 0.136630 
58.500000 0.458035 0.144437 0.191282 0.069616 0.136630 
59.000000 0.463891 0.138582 0.194535 0.066363 0.136630 
59.500000 0.476903 0.124919 0.192583 0.068966 0.136630 
60.000000 0.489915 0.110605 0.184125 0.078725 0.136630 
60.500000 0.487313 0.112557 0.188029 0.075472 0.136630 
61.000000 0.491867 0.106701 0.186077 0.078725 0.136630 
61.500000 0.499675 0.096942 0.183474 0.083279 0.136630 
62.000000 0.502277 0.092388 0.176318 0.092388 0.136630 
62.500000 0.502928 0.091087 0.166558 0.102147 0.137280 
63.000000 0.497072 0.095641 0.165257 0.104750 0.137280 
63.500000 0.480807 0.109954 0.158100 0.114509 0.136630 
64.000000 0.484060 0.105400 0.156148 0.118412 0.135979 
64.500000 0.471047 0.117762 0.154847 0.121666 0.134678 
65.000000 0.452830 0.132726 0.139232 0.141835 0.133377 
65.500000 0.446324 0.139232 0.141184 0.141835 0.131425 
66.000000 0.428107 0.152245 0.139883 0.149642 0.130124 
66.500000 0.408588 0.166558 0.139883 0.154847 0.130124 
67.000000 0.390371 0.185426 0.143136 0.152245 0.128822 
67.500000 0.377358 0.191282 0.154196 0.147040 0.130124 
68.000000 0.369551 0.199740 0.154196 0.145088 0.131425 
68.500000 0.357189 0.209499 0.156799 0.142485 0.134027 
69.000000 0.357189 0.207547 0.166558 0.133377 0.135329 
69.500000 0.348731 0.216005 0.170462 0.126871 0.137931 
70.000000 0.359792 0.210800 0.166558 0.121015 0.141835 
70.500000 0.368250 0.202993 0.168510 0.114509 0.145738 
71.000000 0.357840 0.214053 0.169161 0.111906 0.147040 
71.500000 0.366949 0.210150 0.166558 0.107352 0.148992 
72.000000 0.378009 0.200390 0.173064 0.101496 0.147040 
72.500000 0.386467 0.191282 0.174366 0.098894 0.148992 
73.000000 0.391672 0.185426 0.175016 0.097593 0.150293 
73.500000 0.385817 0.191932 0.171763 0.099545 0.150943 
74.000000 0.391021 0.188029 0.176318 0.094340 0.150293 
74.500000 0.395576 0.182824 0.176318 0.094990 0.150293 
75.000000 0.400781 0.180221 0.179571 0.088484 0.150943 
75.500000 0.403383 0.176968 0.180221 0.087833 0.151594 
76.000000 0.410540 0.169811 0.180221 0.087833 0.151594 
76.500000 0.424203 0.156148 0.178920 0.085882 0.154847 
77.000000 0.423552 0.156799 0.179571 0.084580 0.155498 
77.500000 0.426155 0.154196 0.181522 0.082628 0.155498 
78.000000 0.430709 0.152895 0.183474 0.077424 0.155498 
78.500000 0.439818 0.144437 0.181522 0.079375 0.154847 
79.000000 0.449577 0.133377 0.180872 0.080677 0.155498 
79.500000 0.453481 0.130124 0.182824 0.078725 0.154847 
80.000000 0.465843 0.118412 0.182173 0.078725 0.154847 
80.500000 0.467144 0.117111 0.180872 0.080026 0.154847 
81.000000 0.463891 0.119714 0.176318 0.086532 0.153546 
81.500000 0.471698 0.112557 0.177619 0.084580 0.153546 
82.000000 0.482108 0.100846 0.174366 0.089135 0.153546 
82.500000 0.483409 0.097593 0.169161 0.096942 0.152895 
83.000000 0.469096 0.110605 0.159401 0.108003 0.152895 
83.500000 0.461939 0.115159 0.154196 0.115810 0.152895 
84.000000 0.459336 0.111906 0.154847 0.121015 0.152895 
84.500000 0.454782 0.115159 0.144437 0.134027 0.151594 
85.000000 0.440468 0.128172 0.137280 0.141835 0.152245 
85.500000 0.424854 0.141835 0.137931 0.144437 0.150943 
86.000000 0.406636 0.152245 0.132075 0.158751 0.150293 
86.500000 0.388419 0.171763 0.139883 0.151594 0.148341 
87.000000 0.380612 0.173064 0.148341 0.150943 0.147040 
87.500000 0.379961 0.176318 0.142485 0.154196 0.147040 
88.000000 0.369551 0.189980 0.153546 0.139232 0.147690 
88.500000 0.363045 0.202342 0.154847 0.130124 0.149642 
89.000000 0.365647 0.202993 0.154196 0.129473 0.147690 
89.500000 0.362394 0.208198 0.163305 0.119063 0.147040 
90.000000 0.364997 0.203643 0.162655 0.119063 0.149642 
90.500000 0.367599 0.199089 0.162655 0.120364 0.150293 
91.000000 0.373455 0.195185 0.162655 0.114509 0.154196 
91.500000 0.370202 0.200390 0.166558 0.106701 0.156148 
92.000000 0.379961 0.190631 0.163956 0.106701 0.158751 
92.500000 0.383214 0.190631 0.164606 0.101496 0.160052 
93.000000 0.384515 0.190631 0.165908 0.097593 0.161353 
93.500000 0.378660 0.195836 0.172414 0.092388 0.160703 
94.000000 0.396226 0.180221 0.171113 0.090436 0.162004 
94.500000 0.406636 0.171113 0.174366 0.085882 0.162004 
95.000000 0.411191 0.169161 0.171113 0.085882 0.162655 
95.500000 0.412492 0.170462 0.167209 0.085882 0.163956 
96.000000 0.423552 0.161353 0.169161 0.081978 0.163956 
96.500000 0.423552 0.158751 0.172414 0.082628 0.162655 
97.000000 0.425504 0.157450 0.175667 0.078074 0.163305 
97.500000 0.433312 0.149642 0.176968 0.076773 0.163305 
98.000000 0.439167 0.145738 0.178920 0.072869 0.163305 
98.500000 0.439167 0.143136 0.180872 0.073520 0.163305 
99.000000 0.440468 0.141835 0.176968 0.077424 0.163305 
99.500000 0.450228 0.131425 0.176968 0.078074 0.163305 
100.000000 0.452180 0.129473 0.179571 0.076122 0.162655 
100.500000 0.461288 0.121666 0.177619 0.076773 0.162655 
101.000000 0.464541 0.116461 0.172414 0.084580 0.162004 
101.500000 0.468445 0.111906 0.172414 0.085231 0.162004 
102.000000 0.480156 0.100846 0.171113 0.087183 0.160703 
102.500000 0.486662 0.093038 0.165908 0.093689 0.160703 
103.000000 0.486012 0.093038 0.167209 0.093689 0.160052 
103.500000 0.472999 0.105400 0.156799 0.104750 0.160052 
104.000000 0.456083 0.120364 0.154847 0.108003 0.160703 
104.500000 0.455433 0.112557 0.150293 0.121666 0.160052 
105.000000 0.437215 0.131425 0.149642 0.121666 0.160052 
105.500000 0.426805 0.137280 0.147040 0.127521 0.161353 
106.000000 0.411841 0.142485 0.154847 0.129473 0.161353 
106.500000 0.398178 0.155498 0.151594 0.135979 0.158751 
107.000000 0.384515 0.167859 0.150293 0.137280 0.160052 
107.500000 0.377358 0.175016 0.149642 0.137931 0.160052 
108.000000 0.376708 0.177619 0.145738 0.138582 0.161353 
108.500000 0.368250 0.186727 0.148341 0.134027 0.162655 
109.000000 0.346779 0.202993 0.154847 0.130124 0.165257 
109.500000 0.357189 0.197788 0.153546 0.120364 0.171113 
110.000000 0.359141 0.195185 0.156799 0.119063 0.169811 
110.500000 0.362394 0.198439 0.160703 0.108003 0.170462 
111.000000 0.368250 0.195185 0.159401 0.106051 0.171113 
111.500000 0.370852 0.196487 0.158751 0.101496 0.172414 
112.000000 0.377358 0.195836 0.160052 0.093038 0.173715 
112.500000 0.381262 0.191282 0.165257 0.088484 0.173715 
113.000000 0.393624 0.182173 0.162655 0.085882 0.175667 
113.500000 0.394925 0.184125 0.159401 0.083930 0.177619 
114.000000 0.407287 0.170462 0.160703 0.083279 0.178269 
114.500000 0.413793 0.165257 0.157450 0.084580 0.178920 
115.000000 0.422902 0.157450 0.158100 0.083279 0.178269 
115.500000 0.424203 0.158100 0.162655 0.076773 0.178269 
116.000000 0.433312 0.149642 0.163305 0.075472 0.178269 
116.500000 0.433312 0.148341 0.165257 0.072869 0.180221 
117.000000 0.433312 0.148341 0.167209 0.070917 0.180221 
117.500000 0.446975 0.136630 0.166558 0.069616 0.180221 
118.000000 0.448276 0.135329 0.161353 0.074170 0.180872 
118.500000 0.452830 0.129473 0.163956 0.073520 0.180221 
119.000000 0.448926 0.133377 0.168510 0.069616 0.179571 
119.500000 0.456083 0.125569 0.165908 0.072219 0.180221 
120.000000 0.474951 0.107352 0.168510 0.068966 0.180221 
120.500000 0.475602 0.106701 0.167859 0.069616 0.180221 
121.000000 0.478855 0.103448 0.161353 0.076773 0.179571 
121.500000 0.489915 0.091087 0.162655 0.076122 0.180221 
122.000000 0.490566 0.090436 0.163305 0.076122 0.179571 
122.500000 0.482759 0.097593 0.149642 0.091087 0.178920 
123.000000 0.480156 0.100846 0.143136 0.096942 0.178920 
123.500000 0.467144 0.111256 0.137280 0.105400 0.178920 
124.000000 0.465843 0.111906 0.135979 0.108003 0.178269 
124.500000 0.449577 0.124268 0.130774 0.117762 0.177619 
125.000000 0.437215 0.131425 0.121015 0.134027 0.176318 
125.500000 0.412492 0.149642 0.129473 0.133377 0.175016 
126.000000 0.400130 0.159401 0.130124 0.135979 0.174366 
126.500000 0.385166 0.175016 0.123617 0.142485 0.173715 
127.000000 0.374756 0.183474 0.126871 0.142485 0.172414 
127.500000 0.360442 0.195836 0.132075 0.140534 0.171113 
128.000000 0.360442 0.195185 0.133377 0.141184 0.169811 
128.500000 0.353936 0.202342 0.137931 0.134678 0.171113 
129.000000 0.358491 0.198439 0.140534 0.126220 0.176318 
129.500000 0.350683 0.208198 0.139232 0.124919 0.176968 
130.000000 0.354587 0.205595 0.145738 0.115810 0.178269 
130.500000 0.355237 0.206897 0.148992 0.108653 0.180221 
131.000000 0.358491 0.206246 0.148341 0.106051 0.180872 
131.500000 0.368900 0.197788 0.147040 0.102147 0.184125 
132.000000 0.364346 0.202993 0.149642 0.095641 0.187378 
132.500000 0.376708 0.189980 0.150943 0.093038 0.189330 
133.000000 0.381913 0.189980 0.154196 0.086532 0.187378 
133.500000 0.383865 0.189980 0.154847 0.083279 0.188029 
134.000000 0.390371 0.185426 0.155498 0.079375 0.189330 
134.500000 0.390371 0.186077 0.155498 0.079375 0.188679 
135.000000 0.403383 0.173064 0.152895 0.078725 0.191932 
135.500000 0.394925 0.182824 0.159401 0.070917 0.191932 
136.000000 0.407938 0.171763 0.152245 0.074821 0.193234 
136.500000 0.411191 0.171763 0.151594 0.073520 0.191932 
137.000000 0.413142 0.170462 0.156148 0.068315 0.191932 
137.500000 0.418998 0.162655 0.155498 0.070917 0.191932 
138.000000 0.420950 0.161353 0.157450 0.068315 0.191932 
138.500000 0.433312 0.148992 0.158100 0.067664 0.191932 
139.000000 0.443722 0.138582 0.156148 0.069616 0.191932 
139.500000 0.445023 0.137280 0.158751 0.066363 0.192583 
140.000000 0.459987 0.122316 0.158100 0.067014 0.192583 
140.500000 0.463891 0.118412 0.158100 0.067014 0.192583 
141.000000 0.461288 0.120364 0.154196 0.072219 0.191932 
141.500000 0.461288 0.117762 0.147040 0.081327 0.192583 
142.000000 0.462589 0.114509 0.145738 0.084580 0.192583 
142.500000 0.459336 0.117762 0.143787 0.087833 0.191282 
143.000000 0.461939 0.113858 0.136630 0.096291 0.191282 
143.500000 0.461939 0.111256 0.138582 0.096942 0.191282 
144.000000 0.439167 0.128822 0.135329 0.106051 0.190631 
144.500000 0.445023 0.122316 0.132075 0.111256 0.189330 
145.000000 0.435264 0.125569 0.137280 0.114509 0.187378 
145.500000 0.411191 0.147690 0.128822 0.125569 0.186727 
146.000000 0.402082 0.158100 0.129473 0.126871 0.183474 
146.500000 0.377358 0.171113 0.140534 0.128172 0.182824 
147.000000 0.374105 0.171763 0.139883 0.126871 0.187378 
147.500000 0.363696 0.177619 0.145738 0.124919 0.188029 
148.000000 0.359792 0.177619 0.143787 0.129473 0.189330 
148.500000 0.344828 0.189330 0.148341 0.126871 0.190631 
149.000000 0.340924 0.194535 0.161353 0.113858 0.189330 
149.500000 0.341574 0.197137 0.158751 0.111906 0.190631 
150.000000 0.342225 0.197788 0.156799 0.111906 0.191282 
150.500000 0.344828 0.200390 0.158100 0.102798 0.193884 
151.000000 0.342225 0.202993 0.156799 0.099545 0.198439 
151.500000 0.350683 0.200390 0.153546 0.098243 0.197137 
152.000000 0.353286 0.193234 0.152245 0.099545 0.201692 
152.500000 0.364997 0.181522 0.155498 0.093038 0.204945 
153.000000 0.374105 0.177619 0.154196 0.087833 0.206246 
153.500000 0.372154 0.183474 0.156799 0.080026 0.207547 
154.000000 0.374756 0.182824 0.151594 0.081978 0.208848 
154.500000 0.381913 0.172414 0.152245 0.083930 0.209499 
155.000000 0.390371 0.165908 0.153546 0.080026 0.210150 
155.500000 0.388419 0.168510 0.150293 0.080677 0.212101 
156.000000 0.393624 0.162655 0.160703 0.070267 0.212752 
156.500000 0.398178 0.156799 0.161353 0.070917 0.212752 
157.000000 0.404684 0.150943 0.165908 0.065712 0.212752 
157.500000 0.407938 0.149642 0.162004 0.067664 0.212752 
158.000000 0.417046 0.141835 0.163305 0.065712 0.212101 
158.500000 0.432661 0.126871 0.165257 0.063110 0.212101 
159.000000 0.442420 0.119063 0.154196 0.071568 0.212752 
159.500000 0.443071 0.115810 0.160703 0.067664 0.212752 
160.000000 0.443722 0.113208 0.156799 0.073520 0.212752 
160.500000 0.448276 0.108653 0.154847 0.075472 0.212752 
161.000000 0.455433 0.102798 0.148992 0.080026 0.212752 
161.500000 0.452830 0.104750 0.143787 0.085882 0.212752 
162.000000 0.453481 0.104750 0.147040 0.081978 0.212752 
162.500000 0.447625 0.110605 0.141184 0.088484 0.212101 
163.000000 0.448926 0.108653 0.142485 0.087833 0.212101 
163.500000 0.452830 0.105400 0.134678 0.095641 0.211451 
164.000000 0.446324 0.109304 0.130124 0.102798 0.211451 
164.500000 0.432661 0.120364 0.121015 0.113858 0.212101 
165.000000 0.421601 0.125569 0.116461 0.126220 0.210150 
165.500000 0.410540 0.135979 0.121666 0.122967 0.208848 
166.000000 0.396877 0.141184 0.123617 0.129473 0.208848 
166.500000 0.383865 0.160703 0.122967 0.124268 0.208198 
167.000000 0.367599 0.178920 0.122967 0.123617 0.206897 
167.500000 0.345478 0.193234 0.126871 0.122967 0.211451 
168.000000 0.341574 0.191282 0.128822 0.124919 0.213403 
168.500000 0.335719 0.195185 0.130774 0.123617 0.214704 
169.000000 0.338972 0.190631 0.137931 0.116461 0.216005 
169.500000 0.335068 0.193234 0.141184 0.115810 0.214704 
170.000000 0.335719 0.190631 0.143136 0.112557 0.217957 
170.500000 0.342876 0.187378 0.143787 0.106701 0.219258 
171.000000 0.337020 0.188029 0.147040 0.106701 0.221210 
171.500000 0.337020 0.186727 0.147690 0.106051 0.222511 
172.000000 0.337671 0.189980 0.148992 0.099545 0.223813 
172.500000 0.338972 0.187378 0.152245 0.098243 0.223162 
173.000000 0.350033 0.181522 0.152895 0.091737 0.223813 
173.500000 0.353286 0.181522 0.154196 0.086532 0.224463 
174.000000 0.361093 0.176318 0.154196 0.081327 0.227066 
174.500000 0.357840 0.182173 0.158751 0.076122 0.225114 
175.000000 0.361093 0.177619 0.162004 0.074821 0.224463 
175.500000 0.361744 0.174366 0.163305 0.074170 0.226415 
176.000000 0.370852 0.166558 0.162655 0.071568 0.228367 
176.500000 0.374756 0.163305 0.167209 0.067664 0.227066 
177.000000 0.374756 0.162655 0.168510 0.066363 0.227716 
177.500000 0.381913 0.155498 0.170462 0.065062 0.227066 
178.000000 0.392973 0.145088 0.169811 0.065062 0.227066 
178.500000 0.396877 0.139232 0.170462 0.065062 0.228367 
179.000000 0.409239 0.126871 0.170462 0.065062 0.228367 
179.500000 0.422251 0.113208 0.167209 0.070267 0.227066 
180.000000 0.422902 0.113208 0.165257 0.070917 0.227716 
180.500000 0.432661 0.103448 0.162655 0.073520 0.227716 
181.000000 0.429408 0.104750 0.165908 0.071568 0.228367 
181.500000 0.439167 0.096291 0.158751 0.077424 0.228367 
182.000000 0.437866 0.096291 0.154847 0.082628 0.228367 
182.500000 0.437215 0.096291 0.150293 0.088484 0.227716 
183.000000 0.432661 0.098894 0.146389 0.094990 0.227066 
183.500000 0.426805 0.102147 0.141184 0.102798 0.227066 
184.000000 0.422902 0.108003 0.133377 0.109304 0.226415 
184.500000 0.406636 0.120364 0.129473 0.117111 0.226415 
185.000000 0.389070 0.133377 0.133377 0.119063 0.225114 
185.500000 0.372154 0.145088 0.126871 0.128822 0.227066 
186.000000 0.357189 0.150293 0.119714 0.147690 0.225114 
186.500000 0.351984 0.150943 0.122967 0.151594 0.222511 
187.000000 0.332466 0.164606 0.130774 0.147040 0.225114 
187.500000 0.326610 0.171113 0.135979 0.141835 0.224463 
188.000000 0.313598 0.180221 0.137280 0.139232 0.229668 
188.500000 0.308393 0.187378 0.150293 0.126220 0.227716 
189.000000 0.309694 0.192583 0.135979 0.128172 0.233572 
189.500000 0.309694 0.197137 0.137931 0.120364 0.234873 
190.000000 0.319453 0.188679 0.139883 0.115810 0.236174 
190.500000 0.316851 0.190631 0.146389 0.109304 0.236825 
191.000000 0.324658 0.186077 0.147040 0.102798 0.239427 
191.500000 0.325309 0.185426 0.147040 0.102798 0.239427 
192.000000 0.330514 0.179571 0.147690 0.103448 0.238777 
192.500000 0.340924 0.177619 0.148992 0.092388 0.240078 
193.000000 0.345478 0.176318 0.149642 0.085231 0.243331 
193.500000 0.353936 0.169161 0.149642 0.083930 0.243331 
194.000000 0.348731 0.176318 0.150293 0.080026 0.244632 
194.500000 0.359792 0.166558 0.150293 0.078074 0.245283 
195.000000 0.366949 0.158100 0.151594 0.079375 0.243982 
195.500000 0.368250 0.160703 0.151594 0.072869 0.246584 
196.000000 0.376708 0.154196 0.151594 0.070917 0.246584 
196.500000 0.373455 0.157450 0.148992 0.072869 0.247235 
197.000000 0.383214 0.147040 0.152895 0.070267 0.246584 
197.500000 0.384515 0.145088 0.149642 0.074821 0.245934 
198.000000 0.394275 0.137280 0.150293 0.071568 0.246584 
198.500000 0.399480 0.133377 0.150943 0.069616 0.246584 
199.000000 0.415094 0.117762 0.148341 0.072869 0.245934 
199.500000 0.412492 0.119063 0.149642 0.072219 0.246584 
200.000000 0.413793 0.115810 0.149642 0.074821 0.245934 
200.500000 0.422251 0.107352 0.154196 0.070267 0.245934 
201.000000 0.432661 0.096942 0.145738 0.078074 0.246584 
201.500000 0.436565 0.091737 0.145088 0.080677 0.245934 
202.000000 0.429408 0.100195 0.141835 0.083279 0.245283 
202.500000 0.429408 0.099545 0.133377 0.093038 0.244632 
203.000000 0.427456 0.101496 0.130774 0.096942 0.243331 
203.500000 0.428107 0.097593 0.128172 0.102798 0.243331 
204.000000 0.418347 0.102147 0.119714 0.115159 0.244632 
204.500000 0.415094 0.104099 0.120364 0.118412 0.242030 
205.000000 0.389720 0.127521 0.125569 0.117111 0.240078 
205.500000 0.384515 0.130124 0.120364 0.124268 0.240729 
206.000000 0.360442 0.148992 0.124919 0.124919 0.240729 
206.500000 0.350033 0.150293 0.130124 0.128822 0.240729 
207.000000 0.343526 0.154847 0.124919 0.136630 0.240078 
207.500000 0.340924 0.152895 0.127521 0.140534 0.238126 
208.000000 0.333116 0.160703 0.133377 0.133377 0.239427 
208.500000 0.322707 0.171113 0.137931 0.129473 0.238777 
209.000000 0.324008 0.174366 0.142485 0.119063 0.240078 
209.500000 0.322707 0.179571 0.147690 0.112557 0.237476 
210.000000 0.324658 0.182824 0.142485 0.111256 0.238777 
210.500000 0.320755 0.190631 0.148341 0.101496 0.238777 
211.000000 0.320755 0.192583 0.154847 0.093689 0.238126 
211.500000 0.329863 0.184776 0.159401 0.087183 0.238777 
212.000000 0.331165 0.186077 0.160703 0.081978 0.240078 
212.500000 0.339623 0.178920 0.159401 0.080677 0.241379 
213.000000 0.341574 0.178269 0.160703 0.078074 0.241379 
213.500000 0.346129 0.173064 0.159401 0.076122 0.245283 
214.000000 0.359792 0.162655 0.158751 0.074170 0.244632 
214.500000 0.365647 0.158751 0.160052 0.071568 0.243982 
215.000000 0.370852 0.154847 0.159401 0.070267 0.244632 
215.500000 0.387118 0.136630 0.158100 0.073520 0.244632 
216.000000 0.383865 0.142485 0.154196 0.074170 0.245283 
216.500000 0.385166 0.139883 0.159401 0.068966 0.246584 
217.000000 0.396226 0.129473 0.157450 0.070917 0.245934 
217.500000 0.391021 0.134027 0.156799 0.073520 0.244632 
218.000000 0.396877 0.128172 0.155498 0.074821 0.244632 
218.500000 0.408588 0.115810 0.159401 0.071568 0.244632 
219.000000 0.411191 0.113208 0.160052 0.070917 0.244632 
219.500000 0.411841 0.113858 0.157450 0.071568 0.245283 
220.000000 0.418998 0.106051 0.156799 0.072219 0.245934 
220.500000 0.415094 0.108653 0.152895 0.078074 0.245283 
221.000000 0.420950 0.104099 0.154196 0.074821 0.245934 
221.500000 0.426805 0.098243 0.150943 0.077424 0.246584 
222.000000 0.432661 0.092388 0.153546 0.074821 0.246584 
222.500000 0.429408 0.094340 0.143787 0.086532 0.245934 
223.000000 0.428107 0.096291 0.144437 0.085231 0.245934 
223.500000 0.423552 0.100195 0.133377 0.096291 0.246584 
224.000000 0.407938 0.114509 0.132075 0.100195 0.245283 
224.500000 0.406636 0.112557 0.126220 0.108653 0.245934 
225.000000 0.396226 0.120364 0.130124 0.108003 0.245283 
225.500000 0.381913 0.131425 0.128172 0.114509 0.243982 
226.000000 0.373455 0.131425 0.116461 0.134678 0.243982 
226.500000 0.350683 0.150293 0.119063 0.138582 0.241379 
227.000000 0.332466 0.165908 0.124919 0.135979 0.240729 
227.500000 0.325309 0.169811 0.128172 0.135329 0.241379 
228.000000 0.314249 0.176968 0.135979 0.130774 0.242030 
228.500000 0.314249 0.178269 0.138582 0.126220 0.242681 
229.000000 0.297983 0.186727 0.141835 0.126220 0.247235 
229.500000 0.301887 0.186077 0.147690 0.116461 0.247885 
230.000000 0.314249 0.175016 0.152895 0.110605 0.247235 
230.500000 0.306441 0.188029 0.153546 0.101496 0.250488 
231.000000 0.303188 0.188029 0.158100 0.098243 0.252440 
231.500000 0.309694 0.182824 0.160052 0.094990 0.252440 
232.000000 0.314249 0.182173 0.158100 0.089785 0.255693 
232.500000 0.324658 0.173715 0.159401 0.082628 0.259597 
233.000000 0.322707 0.174366 0.162004 0.083279 0.257645 
233.500000 0.330514 0.169161 0.160703 0.083279 0.256344 
234.000000 0.333767 0.169161 0.162004 0.076773 0.258295 
234.500000 0.334418 0.167209 0.164606 0.074170 0.259597 
235.000000 0.351984 0.151594 0.162004 0.072869 0.261548 
235.500000 0.351334 0.152245 0.168510 0.067014 0.260898 
236.000000 0.354587 0.150293 0.167209 0.067014 0.260898 
236.500000 0.364997 0.139883 0.165257 0.068966 0.260898 
237.000000 0.362394 0.141835 0.164606 0.070267 0.260898 
237.500000 0.363045 0.141184 0.166558 0.068315 0.260898 
238.000000 0.364997 0.138582 0.169161 0.067014 0.260247 
238.500000 0.383865 0.120364 0.171763 0.064411 0.259597 
239.000000 0.378009 0.127521 0.171113 0.063761 0.259597 
239.500000 0.385166 0.119714 0.163956 0.071568 0.259597 
240.000000 0.392973 0.110605 0.165257 0.070917 0.260247 
240.500000 0.402082 0.100195 0.165257 0.071568 0.260898 
241.000000 0.402733 0.099545 0.165257 0.072219 0.260247 
241.500000 0.407287 0.093038 0.163305 0.076122 0.260247 
242.000000 0.408588 0.092388 0.165257 0.073520 0.260247 
242.500000 0.409239 0.091087 0.156799 0.082628 0.260247 
243.000000 0.408588 0.089135 0.155498 0.087833 0.258946 
243.500000 0.399480 0.097593 0.152245 0.091087 0.259597 
244.000000 0.387768 0.106051 0.147690 0.100846 0.257645 
244.500000 0.376708 0.118412 0.136630 0.110605 0.257645 
245.000000 0.368250 0.126871 0.136630 0.113208 0.255042 
245.500000 0.368250 0.124268 0.130124 0.121666 0.255693 
246.000000 0.361744 0.126871 0.130124 0.128822 0.252440 
246.500000 0.349382 0.129473 0.133377 0.134678 0.253090 
247.000000 0.333767 0.147690 0.134027 0.132075 0.252440 
247.500000 0.322056 0.154847 0.137280 0.135329 0.250488 
248.000000 0.315550 0.158100 0.139232 0.134027 0.253090 
248.500000 0.309044 0.165257 0.136630 0.135329 0.253741 
249.000000 0.315550 0.162655 0.140534 0.125569 0.255693 
249.500000 0.305140 0.173064 0.141835 0.123617 0.256344 
250.000000 0.308393 0.175016 0.147690 0.114509 0.254392 
250.500000 0.316851 0.169811 0.148341 0.108653 0.256344 
251.000000 0.316851 0.173064 0.150943 0.103448 0.255693 
251.500000 0.320755 0.171763 0.152245 0.096942 0.258295 
252.000000 0.324008 0.171113 0.153546 0.093038 0.258295 
252.500000 0.324008 0.175016 0.148341 0.092388 0.260247 
253.000000 0.341574 0.158751 0.152895 0.087183 0.259597 
253.500000 0.333767 0.167859 0.155498 0.083279 0.259597 
254.000000 0.343526 0.158751 0.148992 0.086532 0.262199 
254.500000 0.353936 0.152895 0.151594 0.077424 0.264151 
255.000000 0.359141 0.147040 0.152245 0.076773 0.264802 
255.500000 0.365647 0.146389 0.150943 0.072869 0.264151 
256.000000 0.367599 0.145088 0.152895 0.070917 0.263500 
256.500000 0.370852 0.140534 0.155498 0.068966 0.264151 
257.000000 0.382563 0.129473 0.155498 0.069616 0.262850 
257.500000 0.378009 0.133377 0.158751 0.067014 0.262850 
258.000000 0.379961 0.131425 0.153546 0.072869 0.262199 
258.500000 0.394925 0.115810 0.152895 0.072869 0.263500 
259.000000 0.391672 0.119063 0.154847 0.071568 0.262850 
259.500000 0.400130 0.109954 0.149642 0.076122 0.264151 
260.000000 0.402082 0.107352 0.151594 0.074821 0.264151 
260.500000 0.405986 0.103448 0.149642 0.076773 0.264151 
261.000000 0.410540 0.098894 0.148992 0.078074 0.263500 
261.500000 0.407287 0.101496 0.147040 0.080026 0.264151 
262.000000 0.411841 0.094990 0.148341 0.080677 0.264151 
262.500000 0.410540 0.095641 0.137931 0.091737 0.264151 
263.000000 0.407938 0.099545 0.135979 0.093038 0.263500 
263.500000 0.404034 0.102798 0.130124 0.099545 0.263500 
264.000000 0.395576 0.111256 0.127521 0.104099 0.261548 
264.500000 0.392323 0.113858 0.124268 0.108003 0.261548 
265.000000 0.381262 0.118412 0.124268 0.116461 0.259597 
265.500000 0.371503 0.130124 0.119714 0.117762 0.260898 
266.000000 0.358491 0.132726 0.122967 0.128822 0.256994 
266.500000 0.350683 0.132075 0.124268 0.134678 0.258295 
267.000000 0.335068 0.145088 0.117111 0.145088 0.257645 
267.500000 0.333767 0.144437 0.122967 0.136630 0.262199 
268.000000 0.319453 0.156799 0.124268 0.137280 0.262199 
268.500000 0.321405 0.151594 0.128822 0.136630 0.261548 
269.000000 0.318803 0.156799 0.136630 0.128822 0.258946 
269.500000 0.318152 0.162655 0.139232 0.119714 0.260247 
270.000000 0.315550 0.158100 0.146389 0.117111 0.262850 
270.500000 0.312947 0.169161 0.145088 0.111256 0.261548 
271.000000 0.306441 0.175016 0.147040 0.109304 0.262199 
271.500000 0.324008 0.156148 0.154196 0.102798 0.262850 
272.000000 0.324658 0.156148 0.158100 0.097593 0.263500 
272.500000 0.325960 0.158751 0.161353 0.088484 0.265452 
273.000000 0.327912 0.158100 0.162004 0.085882 0.266103 
273.500000 0.329213 0.156799 0.163956 0.082628 0.267404 
274.000000 0.329213 0.156799 0.166558 0.080026 0.267404 
274.500000 0.333767 0.150943 0.165257 0.081327 0.268705 
275.000000 0.341574 0.144437 0.165257 0.079375 0.269356 
275.500000 0.342225 0.144437 0.165257 0.078725 0.269356 
276.000000 0.351984 0.137280 0.164606 0.076122 0.270007 
276.500000 0.348081 0.141184 0.163956 0.076122 0.270657 
277.000000 0.353286 0.135329 0.164606 0.075472 0.271308 
277.500000 0.357840 0.132075 0.164606 0.074821 0.270657 
278.000000 0.366949 0.122316 0.162655 0.076773 0.271308 
278.500000 0.369551 0.118412 0.163305 0.078074 0.270657 
279.000000 0.378660 0.110605 0.165257 0.074170 0.271308 
279.500000 0.374756 0.114509 0.162004 0.077424 0.271308 
280.000000 0.381262 0.106701 0.165257 0.075472 0.271308 
280.500000 0.385166 0.102798 0.163956 0.077424 0.270657 
281.000000 0.392323 0.094990 0.167859 0.074170 0.270657 
281.500000 0.398178 0.085882 0.167859 0.078725 0.269356 
282.000000 0.404034 0.081327 0.167209 0.077424 0.270007 
282.500000 0.402733 0.082628 0.163305 0.081978 0.269356 
283.000000 0.393624 0.091087 0.158100 0.087833 0.269356 
283.500000 0.401431 0.083279 0.150943 0.094340 0.270007 
284.000000 0.382563 0.101496 0.144437 0.102798 0.268705 
284.500000 0.385166 0.094340 0.144437 0.108653 0.267404 
285.000000 0.357840 0.114509 0.141835 0.119063 0.266753 
285.500000 0.337671 0.134027 0.141835 0.120364 0.266103 
286.000000 0.331815 0.140534 0.145088 0.116461 0.266103 
286.500000 0.330514 0.138582 0.141835 0.127521 0.261548 
287.000000 0.320755 0.145738 0.143136 0.127521 0.262850 
287.500000 0.305140 0.157450 0.139232 0.133377 0.264802 
288.000000 0.299284 0.159401 0.149642 0.125569 0.266103 
288.500000 0.288874 0.173064 0.156148 0.119714 0.262199 
289.000000 0.288224 0.179571 0.161353 0.106051 0.264802 
289.500000 0.295381 0.176318 0.164606 0.101496 0.262199 
290.000000 0.300586 0.177619 0.157450 0.100846 0.263500 
290.500000 0.299935 0.181522 0.165257 0.087833 0.265452 
291.000000 0.294079 0.184776 0.168510 0.085882 0.266753 
291.500000 0.307742 0.174366 0.165908 0.082628 0.269356 
292.000000 0.305791 0.182173 0.165257 0.076773 0.270007 
292.500000 0.315550 0.172414 0.163956 0.075472 0.272609 
293.000000 0.315550 0.173715 0.165257 0.070917 0.274561 
293.500000 0.326610 0.163956 0.160052 0.073520 0.275862 
294.000000 0.328562 0.166558 0.158100 0.070267 0.276513 
294.500000 0.335719 0.158100 0.165257 0.063761 0.277163 
295.000000 0.340273 0.152245 0.166558 0.062459 0.278465 
295.500000 0.346779 0.147040 0.161353 0.067014 0.277814 
296.000000 0.356539 0.139883 0.160052 0.065062 0.278465 
296.500000 0.356539 0.140534 0.160052 0.063761 0.279115 
297.000000 0.363045 0.134678 0.162004 0.061158 0.279115 
297.500000 0.368250 0.129473 0.160703 0.063110 0.278465 
298.000000 0.371503 0.126871 0.155498 0.067664 0.278465 
298.500000 0.374105 0.122967 0.158100 0.067664 0.277163 
299.000000 0.382563 0.114509 0.159401 0.065712 0.277814 
299.500000 0.397528 0.100195 0.158100 0.066363 0.277814 
300.000000 0.401431 0.096291 0.160703 0.063110 0.278465 
300.500000 0.402733 0.094990 0.157450 0.067014 0.277814 
301.000000 0.400781 0.096291 0.154847 0.070267 0.277814 
301.500000 0.395576 0.102147 0.150293 0.074170 0.277814 
302.000000 0.394275 0.104099 0.148992 0.075472 0.277163 
302.500000 0.401431 0.094990 0.141835 0.085231 0.276513 
303.000000 0.400781 0.095641 0.135329 0.091087 0.277163 
303.500000 0.396226 0.098894 0.131425 0.096291 0.277163 
304.000000 0.394925 0.098894 0.123617 0.106051 0.276513 
304.500000 0.385166 0.108003 0.121666 0.108003 0.277163 
305.000000 0.376708 0.110605 0.122316 0.115159 0.275211 
305.500000 0.357840 0.124268 0.115810 0.126220 0.275862 
306.000000 0.348731 0.128822 0.117111 0.130124 0.275211 
306.500000 0.334418 0.146389 0.119714 0.128172 0.271308 
307.000000 0.325309 0.152895 0.123617 0.124919 0.273260 
307.500000 0.322707 0.163305 0.119063 0.124268 0.270657 
308.000000 0.307092 0.173064 0.123617 0.124919 0.271308 
308.500000 0.299284 0.175667 0.133377 0.122316 0.269356 
309.000000 0.311646 0.170462 0.132075 0.116461 0.269356 
309.500000 0.305791 0.173715 0.132075 0.117762 0.270657 
310.000000 0.308393 0.179571 0.138582 0.102798 0.270657 
310.500000 0.312297 0.180221 0.140534 0.094340 0.272609 
311.000000 0.314899 0.178920 0.142485 0.091087 0.272609 
311.500000 0.325960 0.170462 0.141835 0.089135 0.272609 
312.000000 0.324658 0.173715 0.140534 0.086532 0.274561 
312.500000 0.322056 0.175667 0.141184 0.087183 0.273910 
313.000000 0.324658 0.178269 0.144437 0.076773 0.275862 
313.500000 0.333767 0.167209 0.145088 0.076773 0.277163 
314.000000 0.344828 0.161353 0.145088 0.072219 0.276513 
314.500000 0.340924 0.165908 0.143787 0.072219 0.277163 
315.000000 0.355237 0.152895 0.143136 0.070267 0.278465 
315.500000 0.365647 0.143787 0.143136 0.068966 0.278465 
316.000000 0.366949 0.141835 0.141184 0.070917 0.279115 
316.500000 0.372804 0.135329 0.143136 0.068315 0.280416 
317.000000 0.370852 0.139883 0.142485 0.065712 0.281067 
317.500000 0.374756 0.137280 0.143136 0.063761 0.281067 
318.000000 0.378660 0.132726 0.143787 0.065062 0.279766 
318.500000 0.391021 0.119063 0.141184 0.068966 0.279766 
319.000000 0.393624 0.116461 0.139232 0.072219 0.278465 
319.500000 0.396226 0.113208 0.139883 0.070267 0.280416 
320.000000 0.400781 0.108653 0.141835 0.068966 0.279766 
320.500000 0.407938 0.097593 0.136630 0.078074 0.279766 
321.000000 0.404684 0.100846 0.134678 0.080677 0.279115 
321.500000 0.400781 0.104099 0.132075 0.083930 0.279115 
322.000000 0.402082 0.103448 0.126871 0.088484 0.279115 
322.500000 0.405986 0.098894 0.128172 0.087833 0.279115 
323.000000 0.400781 0.104099 0.128822 0.087833 0.278465 
323.500000 0.399480 0.102798 0.121666 0.098894 0.277163 
324.000000 0.398829 0.103448 0.119714 0.102147 0.275862 
324.500000 0.394925 0.106051 0.119063 0.104099 0.275862 
325.000000 0.387118 0.108653 0.119063 0.112557 0.272609 
325.500000 0.368900 0.122316 0.119714 0.117111 0.271958 
326.000000 0.348081 0.139883 0.129473 0.113208 0.269356 
326.500000 0.340273 0.143136 0.136630 0.112557 0.267404 
327.000000 0.321405 0.154847 0.134678 0.124268 0.264802 
327.500000 0.323357 0.159401 0.137280 0.119714 0.260247 
328.000000 0.320104 0.153546 0.145088 0.122316 0.258946 
328.500000 0.303839 0.173064 0.147040 0.116461 0.259597 
329.000000 0.313598 0.163956 0.146389 0.116461 0.259597 
329.500000 0.307092 0.172414 0.147690 0.110605 0.262199 
330.000000 0.303188 0.176968 0.149642 0.107352 0.262850 
330.500000 0.301236 0.185426 0.151594 0.100846 0.260898 
331.000000 0.313598 0.175016 0.147690 0.098894 0.264802 
331.500000 0.310345 0.177619 0.150943 0.096291 0.264802 
332.000000 0.308393 0.183474 0.148341 0.093038 0.266753 
332.500000 0.320755 0.174366 0.150943 0.088484 0.265452 
333.000000 0.319453 0.175667 0.150293 0.087833 0.266753 
333.500000 0.325960 0.169161 0.155498 0.082628 0.266753 
334.000000 0.332466 0.160052 0.159401 0.080677 0.267404 
334.500000 0.332466 0.162655 0.156799 0.081327 0.266753 
335.000000 0.341574 0.155498 0.158751 0.077424 0.266753 
335.500000 0.344177 0.151594 0.162655 0.074170 0.267404 
336.000000 0.350033 0.146389 0.163305 0.072869 0.267404 
336.500000 0.355888 0.138582 0.164606 0.071568 0.269356 
337.000000 0.357840 0.139232 0.165908 0.068315 0.268705 
337.500000 0.359141 0.138582 0.165257 0.068315 0.268705 
338.000000 0.361093 0.136630 0.166558 0.066363 0.269356 
338.500000 0.381262 0.116461 0.166558 0.067664 0.268055 
339.000000 0.383865 0.114509 0.167209 0.065712 0.268705 
339.500000 0.391672 0.106701 0.163956 0.070267 0.267404 
340.000000 0.396877 0.099545 0.159401 0.076122 0.268055 
340.500000 0.396877 0.098243 0.156799 0.081327 0.266753 
341.000000 0.398829 0.096942 0.156148 0.080026 0.268055 
341.500000 0.401431 0.093689 0.152895 0.085882 0.266103 
342.000000 0.410540 0.085231 0.156799 0.080677 0.266753 
342.500000 0.404684 0.088484 0.157450 0.082628 0.266753 
343.000000 0.395576 0.096291 0.153546 0.087833 0.266753 
343.500000 0.402733 0.087183 0.147040 0.097593 0.265452 
344.000000 0.389720 0.096942 0.142485 0.105400 0.265452 
344.500000 0.378009 0.106051 0.139232 0.111256 0.265452 
345.000000 0.363045 0.117762 0.126871 0.126871 0.265452 
345.500000 0.355888 0.119714 0.124919 0.135329 0.264151 
346.000000 0.351984 0.122316 0.122967 0.141835 0.260898 
346.500000 0.328562 0.142485 0.122967 0.147040 0.258946 
347.000000 0.318803 0.148992 0.132726 0.142485 0.256994 
347.500000 0.307092 0.156799 0.135329 0.144437 0.256344 
348.000000 0.296031 0.167859 0.140534 0.139883 0.255693 
348.500000 0.296682 0.167209 0.139883 0.139883 0.256344 
349.000000 0.297983 0.170462 0.142485 0.128172 0.260898 
349.500000 0.294730 0.175016 0.142485 0.128172 0.259597 
350.000000 0.288224 0.176318 0.145088 0.126220 0.264151 
350.500000 0.293429 0.173715 0.144437 0.124268 0.264151 
351.000000 0.296682 0.173064 0.152895 0.113858 0.263500 
351.500000 0.290176 0.178920 0.157450 0.107352 0.266103 
352.000000 0.301887 0.167859 0.160052 0.102147 0.268055 
