0.000000 0.471562 0.090625 0.254937 0.175750 0.007125 
0.500000 0.470062 0.092438 0.251250 0.179187 0.007063 
1.000000 0.470187 0.091875 0.254437 0.176250 0.007250 
1.500000 0.471500 0.090688 0.254188 0.176313 0.007313 
2.000000 0.470438 0.092438 0.254812 0.175000 0.007313 
2.500000 0.467375 0.095187 0.253250 0.176813 0.007375 
3.000000 0.466062 0.096312 0.253875 0.176313 0.007437 
3.500000 0.466938 0.095812 0.250563 0.179000 0.007687 
4.000000 0.463562 0.099937 0.248875 0.180000 0.007625 
4.500000 0.460062 0.103813 0.247250 0.181188 0.007687 
5.000000 0.459562 0.105063 0.245438 0.181875 0.008063 
5.500000 0.451937 0.112062 0.244500 0.183125 0.008375 
6.000000 0.448125 0.116937 0.243625 0.182625 0.008688 
6.500000 0.440563 0.125312 0.244312 0.180938 0.008875 
7.000000 0.435750 0.131688 0.244438 0.179187 0.008937 
7.500000 0.432875 0.135187 0.245750 0.176563 0.009625 
8.000000 0.428812 0.141750 0.244875 0.173750 0.010812 
8.500000 0.424125 0.147750 0.244438 0.171250 0.012438 
9.000000 0.423500 0.152688 0.245625 0.164437 0.013750 
9.500000 0.422250 0.158500 0.247500 0.155750 0.016000 
10.000000 0.421250 0.163938 0.247688 0.149188 0.017937 
10.500000 0.425500 0.163750 0.249250 0.140687 0.020813 
11.000000 0.425438 0.168687 0.250063 0.132438 0.023375 
11.500000 0.427063 0.170313 0.250750 0.125500 0.026375 
12.000000 0.433312 0.168000 0.249125 0.121125 0.028438 
12.500000 0.440688 0.164437 0.250625 0.114000 0.030250 
13.000000 0.445250 0.163125 0.251812 0.107563 0.032250 
13.500000 0.450000 0.161688 0.251625 0.102188 0.034500 
14.000000 0.453125 0.161062 0.250063 0.098875 0.036875 
14.500000 0.455250 0.160875 0.252000 0.093313 0.038562 
15.000000 0.459437 0.157250 0.251750 0.091813 0.039750 
15.500000 0.464625 0.155938 0.250812 0.087625 0.041000 
16.000000 0.468125 0.154188 0.249750 0.085437 0.042500 
16.500000 0.471562 0.151938 0.251125 0.082062 0.043312 
17.000000 0.475500 0.150062 0.250250 0.079500 0.044687 
17.500000 0.478938 0.148313 0.250437 0.077250 0.045062 
18.000000 0.481000 0.147875 0.250625 0.073750 0.046750 
18.500000 0.484625 0.144750 0.252437 0.070688 0.047500 
19.000000 0.489438 0.141313 0.249938 0.070688 0.048625 
19.500000 0.493312 0.138313 0.250063 0.068812 0.049500 
20.000000 0.497875 0.134813 0.249375 0.067312 0.050625 
20.500000 0.499812 0.133750 0.250312 0.064562 0.051562 
21.000000 0.501500 0.132500 0.249812 0.063500 0.052687 
21.500000 0.507625 0.127500 0.250000 0.062250 0.052625 
22.000000 0.509062 0.127125 0.250125 0.060312 0.053375 
22.500000 0.515312 0.122000 0.250250 0.058625 0.053812 
23.000000 0.517875 0.120000 0.250750 0.056938 0.054437 
23.500000 0.521375 0.118000 0.248500 0.056688 0.055438 
24.000000 0.520000 0.119750 0.248688 0.055563 0.056000 
24.500000 0.523062 0.117750 0.249062 0.053562 0.056563 
25.000000 0.524937 0.116062 0.249000 0.052687 0.057313 
25.500000 0.524188 0.117563 0.247812 0.052500 0.057938 
26.000000 0.527500 0.114875 0.247875 0.050875 0.058875 
26.500000 0.531438 0.112125 0.248062 0.048875 0.059500 
27.000000 0.532250 0.112000 0.247125 0.048750 0.059875 
27.500000 0.536875 0.107750 0.247312 0.047750 0.060312 
28.000000 0.539250 0.106250 0.247875 0.045937 0.060687 
28.500000 0.539500 0.106500 0.248125 0.044875 0.061000 
29.000000 0.539188 0.107438 0.248312 0.043687 0.061375 
29.500000 0.541063 0.106375 0.247812 0.043125 0.061625 
30.000000 0.540312 0.107313 0.248188 0.042313 0.061875 
30.500000 0.543438 0.105438 0.247500 0.040688 0.062937 
31.000000 0.547188 0.101625 0.246625 0.040750 0.063812 
31.500000 0.549438 0.100187 0.247062 0.038875 0.064437 
32.000000 0.552750 0.096875 0.246062 0.039500 0.064812 
32.500000 0.554125 0.096187 0.246000 0.038375 0.065312 
33.000000 0.554000 0.096812 0.244625 0.038687 0.065875 
33.500000 0.554875 0.096437 0.244625 0.037500 0.066562 
34.000000 0.557000 0.094375 0.244812 0.037187 0.066625 
34.500000 0.557875 0.094062 0.244312 0.036687 0.067062 
35.000000 0.560000 0.092250 0.245250 0.035187 0.067312 
35.500000 0.564312 0.088750 0.243875 0.034875 0.068187 
36.000000 0.564375 0.089063 0.244562 0.033438 0.068562 
36.500000 0.567250 0.086500 0.244000 0.033125 0.069125 
37.000000 0.566750 0.087563 0.243875 0.032438 0.069375 
37.500000 0.568625 0.085687 0.243312 0.032063 0.070312 
38.000000 0.567125 0.087313 0.243562 0.031375 0.070625 
38.500000 0.570438 0.084250 0.243125 0.031438 0.070750 
39.000000 0.571937 0.084187 0.241563 0.031062 0.071250 
39.500000 0.572438 0.083750 0.241813 0.030500 0.071500 
40.000000 0.574000 0.082187 0.241063 0.030687 0.072063 
40.500000 0.575688 0.080687 0.240813 0.030250 0.072563 
41.000000 0.575625 0.081625 0.239500 0.030187 0.073063 
41.500000 0.577000 0.080312 0.240000 0.029000 0.073688 
42.000000 0.574750 0.082562 0.239625 0.028938 0.074125 
42.500000 0.576562 0.081500 0.238563 0.028750 0.074625 
43.000000 0.578812 0.080000 0.238125 0.028125 0.074938 
43.500000 0.578500 0.080562 0.237750 0.027500 0.075688 
44.000000 0.581750 0.078000 0.237063 0.027062 0.076125 
44.500000 0.583187 0.076875 0.236937 0.026437 0.076563 
45.000000 0.585125 0.075438 0.237250 0.025687 0.076500 
45.500000 0.585875 0.075688 0.236563 0.024875 0.077000 
46.000000 0.586500 0.075000 0.236375 0.024813 0.077313 
46.500000 0.586625 0.075000 0.235813 0.024750 0.077813 
47.000000 0.586562 0.075563 0.235375 0.024125 0.078375 
47.500000 0.591313 0.072125 0.234187 0.023563 0.078812 
48.000000 0.591125 0.072375 0.234313 0.023187 0.079000 
48.500000 0.590812 0.073063 0.233813 0.022750 0.079562 
49.000000 0.589812 0.074688 0.233875 0.021937 0.079687 
49.500000 0.591625 0.073500 0.232063 0.022562 0.080250 
50.000000 0.592875 0.072375 0.232437 0.021812 0.080500 
50.500000 0.593562 0.071813 0.232187 0.021250 0.081187 
51.000000 0.595125 0.070438 0.232437 0.020563 0.081437 
51.500000 0.597125 0.069000 0.231687 0.020500 0.081687 
52.000000 0.596000 0.070000 0.231063 0.020875 0.082062 
52.500000 0.596250 0.069562 0.230437 0.021250 0.082500 
53.000000 0.597875 0.068187 0.230125 0.020938 0.082875 
53.500000 0.597938 0.068875 0.230063 0.019938 0.083187 
54.000000 0.600187 0.067312 0.229375 0.019563 0.083562 
54.500000 0.599187 0.068312 0.228563 0.020250 0.083687 
55.000000 0.601313 0.066437 0.228750 0.019750 0.083750 
55.500000 0.601000 0.067437 0.228125 0.019250 0.084187 
56.000000 0.600688 0.068500 0.227625 0.018625 0.084562 
56.500000 0.599688 0.069875 0.226375 0.018750 0.085312 
57.000000 0.600250 0.069500 0.226125 0.018375 0.085750 
57.500000 0.600562 0.068625 0.225688 0.019312 0.085812 
58.000000 0.603625 0.066375 0.224375 0.019125 0.086500 
58.500000 0.602250 0.067687 0.224500 0.018812 0.086750 
59.000000 0.602625 0.067500 0.223125 0.019563 0.087188 
59.500000 0.605375 0.066125 0.221875 0.018875 0.087750 
60.000000 0.605062 0.066937 0.221938 0.017937 0.088125 
60.500000 0.606000 0.066312 0.221438 0.018125 0.088125 
61.000000 0.606625 0.065500 0.221750 0.017625 0.088500 
61.500000 0.606437 0.066250 0.220750 0.017500 0.089063 
62.000000 0.607688 0.065500 0.220125 0.017188 0.089500 
62.500000 0.605812 0.067500 0.219688 0.016688 0.090313 
63.000000 0.607250 0.066875 0.218875 0.016438 0.090563 
63.500000 0.607375 0.066750 0.217750 0.016750 0.091375 
64.000000 0.609563 0.065250 0.217312 0.016000 0.091875 
64.500000 0.609500 0.065312 0.217625 0.015437 0.092125 
65.000000 0.610500 0.065125 0.216562 0.015187 0.092625 
65.500000 0.611500 0.064562 0.216062 0.014750 0.093125 
66.000000 0.611125 0.064437 0.216250 0.014563 0.093625 
66.500000 0.610563 0.065875 0.215875 0.014063 0.093625 
67.000000 0.612125 0.064500 0.215875 0.013562 0.093937 
67.500000 0.611688 0.064937 0.214500 0.014188 0.094687 
68.000000 0.613000 0.063875 0.213688 0.014563 0.094875 
68.500000 0.614062 0.062875 0.213938 0.013938 0.095187 
69.000000 0.615688 0.061562 0.213562 0.014063 0.095125 
69.500000 0.615875 0.061375 0.212750 0.014375 0.095625 
70.000000 0.616000 0.061625 0.212562 0.014188 0.095625 
70.500000 0.616313 0.061500 0.212875 0.013375 0.095937 
71.000000 0.616187 0.061500 0.212812 0.012875 0.096625 
71.500000 0.617938 0.060375 0.211812 0.013187 0.096687 
72.000000 0.616875 0.061437 0.212000 0.013000 0.096687 
72.500000 0.617938 0.061250 0.210625 0.013250 0.096937 
73.000000 0.618437 0.060937 0.210250 0.013000 0.097375 
73.500000 0.618375 0.061375 0.208813 0.013437 0.098000 
74.000000 0.619875 0.059875 0.209687 0.012250 0.098312 
74.500000 0.620500 0.060000 0.208687 0.012375 0.098437 
75.000000 0.619563 0.061125 0.208500 0.011813 0.099000 
75.500000 0.619250 0.061500 0.207937 0.012438 0.098875 
76.000000 0.620375 0.060500 0.207437 0.012375 0.099312 
76.500000 0.619812 0.061187 0.207000 0.012125 0.099875 
77.000000 0.620625 0.060000 0.207187 0.011938 0.100250 
77.500000 0.621500 0.059437 0.206813 0.011687 0.100562 
78.000000 0.621250 0.059875 0.206187 0.011625 0.101062 
78.500000 0.621188 0.060562 0.205500 0.011000 0.101750 
79.000000 0.620875 0.061250 0.205063 0.010875 0.101938 
79.500000 0.622563 0.060000 0.205063 0.010250 0.102125 
80.000000 0.622625 0.060500 0.204125 0.010188 0.102563 
80.500000 0.621188 0.061937 0.202687 0.011312 0.102875 
81.000000 0.622313 0.061375 0.202000 0.011062 0.103250 
81.500000 0.624687 0.059437 0.201875 0.010500 0.103500 
82.000000 0.625188 0.059250 0.200937 0.010875 0.103750 
82.500000 0.625938 0.058563 0.200625 0.010875 0.104000 
83.000000 0.624938 0.059500 0.200625 0.010625 0.104313 
83.500000 0.626750 0.058125 0.199875 0.010812 0.104438 
84.000000 0.627188 0.058000 0.199750 0.010375 0.104688 
84.500000 0.625750 0.059500 0.199125 0.010438 0.105188 
85.000000 0.626563 0.059187 0.198813 0.010063 0.105375 
85.500000 0.626687 0.059062 0.198563 0.010250 0.105438 
86.000000 0.626437 0.059375 0.197750 0.010125 0.106313 
86.500000 0.627375 0.058812 0.197625 0.009625 0.106563 
87.000000 0.627062 0.059625 0.196500 0.009687 0.107125 
87.500000 0.628938 0.058000 0.195875 0.010000 0.107188 
88.000000 0.630563 0.056625 0.196063 0.009312 0.107438 
88.500000 0.629188 0.058063 0.195000 0.009938 0.107813 
89.000000 0.630000 0.057188 0.194938 0.009938 0.107938 
89.500000 0.631625 0.055875 0.194688 0.009687 0.108125 
90.000000 0.629875 0.058000 0.193250 0.009938 0.108938 
90.500000 0.631000 0.056875 0.192812 0.010188 0.109125 
91.000000 0.630188 0.058250 0.192000 0.009938 0.109625 
91.500000 0.631313 0.057438 0.190875 0.010438 0.109937 
92.000000 0.630062 0.058687 0.190562 0.010500 0.110187 
92.500000 0.630125 0.058937 0.190438 0.009938 0.110562 
93.000000 0.629625 0.059875 0.189438 0.010313 0.110750 
93.500000 0.631875 0.058063 0.189750 0.009187 0.111125 
94.000000 0.631125 0.059000 0.188062 0.010063 0.111750 
94.500000 0.631062 0.059250 0.187438 0.009875 0.112375 
95.000000 0.631250 0.059250 0.187188 0.009562 0.112750 
95.500000 0.630563 0.060312 0.186000 0.010125 0.113000 
96.000000 0.631250 0.059687 0.185875 0.009875 0.113312 
96.500000 0.631250 0.059812 0.185875 0.009625 0.113437 
97.000000 0.633375 0.057813 0.185562 0.009813 0.113437 
97.500000 0.633000 0.058563 0.184812 0.009687 0.113937 
98.000000 0.633563 0.057938 0.184562 0.009750 0.114187 
98.500000 0.631750 0.060187 0.184000 0.009813 0.114250 
99.000000 0.633375 0.058750 0.183438 0.009500 0.114937 
99.500000 0.634000 0.058125 0.183125 0.009437 0.115312 
100.000000 0.632500 0.059875 0.183125 0.009187 0.115312 
100.500000 0.635062 0.058000 0.182125 0.009187 0.115625 
101.000000 0.635625 0.057688 0.181750 0.008937 0.116000 
101.500000 0.635000 0.058500 0.181812 0.008375 0.116312 
102.000000 0.635687 0.057813 0.181500 0.008375 0.116625 
102.500000 0.635188 0.058687 0.180938 0.008625 0.116562 
103.000000 0.634625 0.059437 0.180062 0.008500 0.117375 
103.500000 0.635875 0.058875 0.178750 0.008563 0.117938 
104.000000 0.635250 0.059687 0.178125 0.008688 0.118250 
104.500000 0.636750 0.058250 0.177563 0.008688 0.118750 
105.000000 0.636188 0.058937 0.177563 0.008375 0.118938 
105.500000 0.635312 0.060062 0.176937 0.008313 0.119375 
106.000000 0.636437 0.059000 0.176437 0.008625 0.119500 
106.500000 0.636750 0.059187 0.176437 0.007812 0.119813 
107.000000 0.635437 0.061000 0.175875 0.007687 0.120000 
107.500000 0.637062 0.059625 0.174813 0.008125 0.120375 
108.000000 0.639687 0.057375 0.174563 0.008125 0.120250 
108.500000 0.637750 0.059250 0.174187 0.008188 0.120625 
109.000000 0.637125 0.060125 0.172937 0.008937 0.120875 
109.500000 0.637500 0.060062 0.172375 0.008937 0.121125 
110.000000 0.636625 0.061437 0.172313 0.008250 0.121375 
110.500000 0.637000 0.061375 0.172687 0.007687 0.121250 
111.000000 0.637625 0.060937 0.171750 0.007875 0.121813 
111.500000 0.636625 0.061812 0.171813 0.007938 0.121813 
112.000000 0.635625 0.062875 0.171500 0.008000 0.122000 
112.500000 0.637062 0.061500 0.171313 0.007687 0.122438 
113.000000 0.635875 0.063062 0.171000 0.007500 0.122563 
113.500000 0.636062 0.063062 0.170250 0.008000 0.122625 
114.000000 0.635062 0.063875 0.171375 0.007125 0.122563 
114.500000 0.634188 0.065187 0.170250 0.007562 0.122813 
115.000000 0.635375 0.064500 0.170187 0.007000 0.122938 
115.500000 0.637062 0.062812 0.168875 0.007750 0.123500 
116.000000 0.636563 0.064000 0.168187 0.007562 0.123688 
116.500000 0.638625 0.061875 0.168000 0.007625 0.123875 
117.000000 0.636062 0.064625 0.167063 0.007938 0.124313 
117.500000 0.637000 0.063625 0.167187 0.007875 0.124313 
118.000000 0.638188 0.062562 0.167375 0.007625 0.124250 
118.500000 0.639000 0.061812 0.166313 0.008188 0.124688 
119.000000 0.637625 0.063250 0.165625 0.008313 0.125188 
119.500000 0.639125 0.061812 0.165000 0.008563 0.125500 
120.000000 0.637375 0.063500 0.165187 0.008063 0.125875 
120.500000 0.637312 0.064062 0.164750 0.007812 0.126062 
121.000000 0.638125 0.063812 0.165313 0.007063 0.125688 
121.500000 0.638625 0.063250 0.164687 0.007562 0.125875 
122.000000 0.638813 0.063875 0.163938 0.007250 0.126125 
122.500000 0.638875 0.063750 0.163438 0.007313 0.126625 
123.000000 0.640813 0.062250 0.162688 0.007750 0.126500 
123.500000 0.640938 0.062125 0.161938 0.008125 0.126875 
124.000000 0.642687 0.060500 0.161750 0.007812 0.127250 
124.500000 0.640125 0.063125 0.161562 0.007750 0.127438 
125.000000 0.639563 0.064000 0.161188 0.007562 0.127688 
125.500000 0.639000 0.064562 0.160875 0.007625 0.127938 
126.000000 0.639250 0.064312 0.160562 0.007750 0.128125 
126.500000 0.638750 0.065187 0.160750 0.007000 0.128312 
127.000000 0.640000 0.064062 0.160062 0.007375 0.128500 
127.500000 0.640500 0.063937 0.160375 0.006687 0.128500 
128.000000 0.640188 0.064375 0.159500 0.007125 0.128812 
128.500000 0.641938 0.062625 0.159688 0.006750 0.129000 
129.000000 0.641938 0.062875 0.160125 0.006188 0.128875 
129.500000 0.641375 0.063250 0.159188 0.006750 0.129438 
130.000000 0.643437 0.062000 0.158312 0.006562 0.129688 
130.500000 0.641375 0.064187 0.157812 0.006687 0.129938 
131.000000 0.644000 0.061562 0.157750 0.006250 0.130438 
131.500000 0.645563 0.060250 0.157188 0.006375 0.130625 
132.000000 0.645125 0.060812 0.157562 0.005938 0.130562 
132.500000 0.645813 0.060312 0.157438 0.005875 0.130562 
133.000000 0.644188 0.061687 0.156688 0.006437 0.131000 
133.500000 0.644687 0.061500 0.156188 0.006313 0.131312 
134.000000 0.643938 0.062187 0.155375 0.006938 0.131562 
134.500000 0.643375 0.063125 0.154750 0.006875 0.131875 
135.000000 0.643938 0.063250 0.153812 0.006812 0.132188 
135.500000 0.644125 0.063000 0.153875 0.006875 0.132125 
136.000000 0.642625 0.064687 0.153375 0.006875 0.132438 
136.500000 0.646500 0.060750 0.153062 0.007063 0.132625 
137.000000 0.647563 0.060062 0.152188 0.007375 0.132812 
137.500000 0.645500 0.062312 0.152438 0.006750 0.133000 
138.000000 0.647312 0.060500 0.151688 0.007000 0.133500 
138.500000 0.647500 0.060937 0.151250 0.006687 0.133625 
139.000000 0.647375 0.061187 0.150250 0.007125 0.134063 
139.500000 0.649375 0.059375 0.150312 0.006938 0.134000 
140.000000 0.648500 0.060812 0.150438 0.006375 0.133875 
140.500000 0.648750 0.060875 0.149688 0.006562 0.134125 
141.000000 0.648625 0.060562 0.149688 0.006687 0.134437 
141.500000 0.649000 0.060562 0.149062 0.006812 0.134563 
142.000000 0.649438 0.060437 0.148875 0.006687 0.134563 
142.500000 0.651375 0.058937 0.148375 0.006625 0.134687 
143.000000 0.650875 0.059125 0.148812 0.006375 0.134813 
143.500000 0.652687 0.057563 0.148063 0.006687 0.135000 
144.000000 0.650937 0.059687 0.147687 0.006562 0.135125 
144.500000 0.652875 0.058000 0.146500 0.007000 0.135625 
145.000000 0.653563 0.057313 0.145813 0.007625 0.135687 
145.500000 0.651563 0.059500 0.146125 0.006938 0.135875 
146.000000 0.651875 0.059375 0.145187 0.007125 0.136437 
146.500000 0.651500 0.059562 0.145063 0.007562 0.136313 
147.000000 0.653875 0.057438 0.144313 0.007625 0.136750 
147.500000 0.652500 0.059250 0.144063 0.007188 0.137000 
148.000000 0.653500 0.058000 0.144125 0.007313 0.137063 
148.500000 0.651375 0.060500 0.143750 0.007125 0.137250 
149.000000 0.650813 0.061250 0.143937 0.006750 0.137250 
149.500000 0.652062 0.060375 0.143187 0.006562 0.137813 
150.000000 0.652813 0.059687 0.143500 0.006188 0.137813 
150.500000 0.651687 0.060625 0.142375 0.007250 0.138063 
151.000000 0.652188 0.060500 0.142000 0.007250 0.138063 
151.500000 0.651375 0.061437 0.142063 0.006750 0.138375 
152.000000 0.650625 0.062125 0.141813 0.006875 0.138563 
152.500000 0.650375 0.062687 0.141813 0.006437 0.138687 
153.000000 0.651563 0.061562 0.140563 0.006938 0.139375 
153.500000 0.653563 0.059375 0.140875 0.006313 0.139875 
154.000000 0.652312 0.061125 0.140313 0.006250 0.140000 
154.500000 0.652937 0.060312 0.140375 0.005875 0.140500 
155.000000 0.653375 0.060125 0.139750 0.006063 0.140687 
155.500000 0.653500 0.060625 0.139000 0.006063 0.140813 
156.000000 0.653625 0.060562 0.139063 0.005687 0.141063 
156.500000 0.652375 0.062062 0.138063 0.006125 0.141375 
157.000000 0.653125 0.061375 0.137687 0.005812 0.142000 
157.500000 0.653125 0.061562 0.136875 0.006063 0.142375 
158.000000 0.652250 0.062375 0.136625 0.005875 0.142875 
158.500000 0.653687 0.061562 0.136000 0.005875 0.142875 
159.000000 0.652188 0.063000 0.135625 0.006188 0.143000 
159.500000 0.652000 0.063250 0.135250 0.006125 0.143375 
160.000000 0.651438 0.064000 0.135687 0.005500 0.143375 
160.500000 0.652875 0.062375 0.135000 0.006125 0.143625 
161.000000 0.653125 0.062250 0.135063 0.005687 0.143875 
161.500000 0.652813 0.063250 0.134000 0.005750 0.144187 
162.000000 0.654250 0.061687 0.134250 0.005500 0.144313 
162.500000 0.655438 0.061250 0.133000 0.005687 0.144625 
163.000000 0.654750 0.062187 0.132438 0.005562 0.145063 
163.500000 0.654062 0.062750 0.132188 0.005812 0.145187 
164.000000 0.652813 0.063937 0.132062 0.005437 0.145750 
164.500000 0.653375 0.063437 0.131500 0.005500 0.146187 
165.000000 0.654937 0.062187 0.130562 0.006063 0.146250 
165.500000 0.653375 0.063812 0.131375 0.005437 0.146000 
166.000000 0.654188 0.063062 0.130375 0.005875 0.146500 
166.500000 0.653000 0.064312 0.130438 0.005687 0.146563 
167.000000 0.653062 0.064437 0.130062 0.005875 0.146563 
167.500000 0.653375 0.064125 0.129938 0.005750 0.146813 
168.000000 0.654312 0.063312 0.129938 0.005437 0.147000 
168.500000 0.656125 0.061312 0.129375 0.005812 0.147375 
169.000000 0.657062 0.060937 0.129125 0.005750 0.147125 
169.500000 0.657438 0.060750 0.128875 0.005562 0.147375 
170.000000 0.657250 0.060875 0.128812 0.005500 0.147563 
170.500000 0.658625 0.059937 0.128250 0.005313 0.147875 
171.000000 0.657312 0.061500 0.128062 0.005250 0.147875 
171.500000 0.657250 0.061812 0.128125 0.005437 0.147375 
172.000000 0.656687 0.062187 0.128312 0.005125 0.147687 
172.500000 0.656375 0.062875 0.127812 0.005063 0.147875 
173.000000 0.658375 0.060875 0.127250 0.005188 0.148313 
173.500000 0.657312 0.061812 0.126875 0.005687 0.148313 
174.000000 0.656250 0.063125 0.126562 0.005562 0.148500 
174.500000 0.658250 0.061437 0.126562 0.005375 0.148375 
175.000000 0.658438 0.061375 0.126250 0.005125 0.148812 
175.500000 0.657500 0.062125 0.126000 0.005375 0.149000 
176.000000 0.656937 0.062937 0.125500 0.005500 0.149125 
176.500000 0.656375 0.063562 0.125750 0.004875 0.149438 
177.000000 0.658125 0.062062 0.124625 0.005500 0.149688 
177.500000 0.658062 0.062125 0.124875 0.005375 0.149562 
178.000000 0.659625 0.060812 0.124500 0.005313 0.149750 
178.500000 0.660438 0.059875 0.123313 0.005938 0.150438 
179.000000 0.658813 0.061375 0.123688 0.005812 0.150312 
179.500000 0.657813 0.062500 0.123563 0.005687 0.150438 
180.000000 0.659687 0.061375 0.123000 0.005437 0.150500 
180.500000 0.659125 0.061812 0.123125 0.005188 0.150750 
181.000000 0.659625 0.061125 0.123313 0.005250 0.150688 
181.500000 0.661500 0.059562 0.122375 0.005188 0.151375 
182.000000 0.662312 0.058750 0.122188 0.005125 0.151625 
182.500000 0.660000 0.061500 0.121813 0.005000 0.151688 
183.000000 0.661312 0.060375 0.121313 0.005063 0.151938 
183.500000 0.658750 0.063000 0.120313 0.005437 0.152500 
184.000000 0.659375 0.062687 0.119563 0.005375 0.153000 
184.500000 0.659563 0.062437 0.119688 0.005375 0.152938 
185.000000 0.660750 0.061375 0.119438 0.005313 0.153125 
185.500000 0.663312 0.058875 0.118813 0.005750 0.153250 
186.000000 0.662188 0.060062 0.118625 0.005812 0.153312 
186.500000 0.661937 0.060250 0.119000 0.005437 0.153375 
187.000000 0.661438 0.060812 0.118688 0.005562 0.153500 
187.500000 0.661438 0.060750 0.119125 0.005125 0.153562 
188.000000 0.660500 0.061812 0.118875 0.005125 0.153688 
188.500000 0.661125 0.061250 0.118625 0.005188 0.153812 
189.000000 0.661062 0.061187 0.117938 0.005750 0.154062 
189.500000 0.661500 0.060937 0.118000 0.005500 0.154062 
190.000000 0.661062 0.061812 0.117250 0.005625 0.154250 
190.500000 0.663813 0.059062 0.116875 0.005875 0.154375 
191.000000 0.663062 0.059875 0.116750 0.005562 0.154750 
191.500000 0.661438 0.061562 0.116187 0.005562 0.155250 
192.000000 0.662062 0.061000 0.116062 0.005562 0.155312 
192.500000 0.662750 0.060500 0.115312 0.005875 0.155562 
193.000000 0.661750 0.061812 0.115062 0.005562 0.155812 
193.500000 0.659625 0.064062 0.114625 0.005750 0.155938 
194.000000 0.660250 0.063562 0.113562 0.006125 0.156500 
194.500000 0.660625 0.062812 0.114125 0.006063 0.156375 
195.000000 0.661375 0.062687 0.112750 0.006313 0.156875 
195.500000 0.661750 0.062250 0.112625 0.006437 0.156938 
196.000000 0.662125 0.061937 0.112750 0.006188 0.157000 
196.500000 0.661875 0.062250 0.112687 0.006125 0.157062 
197.000000 0.662062 0.062062 0.112750 0.006063 0.157062 
197.500000 0.661750 0.062437 0.112312 0.005875 0.157625 
198.000000 0.663062 0.061125 0.112375 0.005625 0.157812 
198.500000 0.659625 0.064562 0.112437 0.005687 0.157688 
199.000000 0.659188 0.065687 0.111687 0.005562 0.157875 
199.500000 0.659813 0.064875 0.111937 0.005375 0.158000 
200.000000 0.659625 0.065562 0.111187 0.005562 0.158062 
200.500000 0.662937 0.062125 0.111187 0.005625 0.158125 
201.000000 0.660188 0.064625 0.111875 0.005125 0.158188 
201.500000 0.660813 0.064500 0.110937 0.005188 0.158562 
202.000000 0.663500 0.061687 0.110812 0.005313 0.158688 
202.500000 0.662000 0.063125 0.110812 0.005250 0.158812 
203.000000 0.661250 0.064312 0.110250 0.005063 0.159125 
203.500000 0.661687 0.063500 0.109812 0.005812 0.159188 
204.000000 0.663125 0.062187 0.110000 0.005500 0.159188 
204.500000 0.664500 0.060875 0.109562 0.005625 0.159438 
205.000000 0.663125 0.062625 0.109437 0.005313 0.159500 
205.500000 0.663687 0.062500 0.109188 0.005250 0.159375 
206.000000 0.663375 0.062500 0.109063 0.005562 0.159500 
206.500000 0.663312 0.062937 0.108438 0.005313 0.160000 
207.000000 0.663250 0.062875 0.108875 0.005188 0.159812 
207.500000 0.662937 0.063250 0.108625 0.005000 0.160188 
208.000000 0.662000 0.063937 0.107875 0.005812 0.160375 
208.500000 0.664438 0.061875 0.107625 0.005687 0.160375 
209.000000 0.664062 0.062562 0.107250 0.005500 0.160625 
209.500000 0.663750 0.062375 0.107875 0.005313 0.160688 
210.000000 0.665937 0.060625 0.107438 0.005375 0.160625 
210.500000 0.666312 0.060187 0.107313 0.005375 0.160812 
211.000000 0.667312 0.059687 0.106188 0.005687 0.161125 
211.500000 0.666687 0.060187 0.105688 0.006063 0.161375 
212.000000 0.668063 0.058687 0.105938 0.005625 0.161688 
212.500000 0.669438 0.057813 0.105375 0.005750 0.161625 
213.000000 0.670750 0.056250 0.106000 0.005375 0.161625 
213.500000 0.667188 0.059812 0.105188 0.005875 0.161938 
214.000000 0.668500 0.058937 0.105125 0.005250 0.162188 
214.500000 0.666500 0.061187 0.104875 0.004938 0.162500 
215.000000 0.668562 0.059625 0.104250 0.005125 0.162438 
215.500000 0.667375 0.060750 0.104250 0.005000 0.162625 
216.000000 0.668625 0.059750 0.103875 0.004938 0.162812 
216.500000 0.670562 0.057875 0.103813 0.004750 0.163000 
217.000000 0.670562 0.057875 0.103438 0.005000 0.163125 
217.500000 0.669000 0.059250 0.103563 0.004875 0.163312 
218.000000 0.668438 0.060437 0.102688 0.005000 0.163438 
218.500000 0.669188 0.059500 0.102500 0.005250 0.163562 
219.000000 0.669000 0.059687 0.102250 0.005313 0.163750 
219.500000 0.669750 0.059000 0.102063 0.005125 0.164062 
220.000000 0.668813 0.060000 0.101750 0.005250 0.164187 
220.500000 0.670375 0.058500 0.101562 0.005063 0.164500 
221.000000 0.668875 0.060000 0.101375 0.005500 0.164250 
221.500000 0.669438 0.059562 0.101187 0.005313 0.164500 
222.000000 0.667687 0.061312 0.100875 0.005125 0.165000 
222.500000 0.667875 0.061125 0.100875 0.004875 0.165250 
223.000000 0.670875 0.058812 0.100187 0.004625 0.165500 
223.500000 0.670750 0.058875 0.099937 0.004687 0.165750 
224.000000 0.670125 0.059562 0.099562 0.004562 0.166187 
224.500000 0.671438 0.058500 0.099250 0.004500 0.166313 
225.000000 0.670312 0.059812 0.099375 0.004375 0.166125 
225.500000 0.672188 0.057813 0.099062 0.004625 0.166313 
226.000000 0.671000 0.059062 0.099062 0.004687 0.166187 
226.500000 0.671188 0.058937 0.099187 0.004250 0.166437 
227.000000 0.668813 0.061250 0.098687 0.004812 0.166437 
227.500000 0.670375 0.059875 0.098625 0.004313 0.166813 
228.000000 0.669562 0.060375 0.098625 0.004750 0.166687 
228.500000 0.669562 0.060812 0.097875 0.005000 0.166750 
229.000000 0.671687 0.058625 0.097500 0.005437 0.166750 
229.500000 0.671188 0.059875 0.097062 0.004875 0.167000 
230.000000 0.671000 0.060187 0.097562 0.004250 0.167000 
230.500000 0.669562 0.061312 0.097937 0.003938 0.167250 
231.000000 0.670937 0.060187 0.097375 0.004188 0.167313 
231.500000 0.670063 0.061062 0.096750 0.004687 0.167437 
232.000000 0.669000 0.062000 0.096312 0.004750 0.167937 
232.500000 0.670500 0.060625 0.096000 0.004687 0.168187 
233.000000 0.669687 0.061687 0.095750 0.004687 0.168187 
233.500000 0.671312 0.060312 0.095562 0.004437 0.168375 
234.000000 0.672562 0.059562 0.094375 0.004875 0.168625 
234.500000 0.673687 0.058375 0.094937 0.004250 0.168750 
235.000000 0.672063 0.060125 0.094375 0.004437 0.169000 
235.500000 0.674687 0.057500 0.094312 0.004313 0.169187 
236.000000 0.673687 0.058625 0.094562 0.004000 0.169125 
236.500000 0.671750 0.060812 0.093313 0.004750 0.169375 
237.000000 0.672188 0.060250 0.093625 0.004750 0.169187 
237.500000 0.671500 0.060875 0.093438 0.004500 0.169687 
238.000000 0.670750 0.061875 0.093000 0.004625 0.169750 
238.500000 0.672312 0.060500 0.093125 0.004250 0.169813 
239.000000 0.671188 0.061875 0.092313 0.004562 0.170063 
239.500000 0.674250 0.058687 0.092688 0.004125 0.170250 
240.000000 0.674375 0.058687 0.092250 0.004500 0.170187 
240.500000 0.672875 0.060125 0.092063 0.004875 0.170063 
241.000000 0.673500 0.059812 0.092000 0.004687 0.170000 
241.500000 0.674000 0.059312 0.091813 0.004562 0.170313 
242.000000 0.674312 0.059125 0.091313 0.004375 0.170875 
242.500000 0.673375 0.060187 0.091375 0.004313 0.170750 
243.000000 0.669813 0.063875 0.091250 0.004313 0.170750 
243.500000 0.671500 0.062125 0.090938 0.004437 0.171000 
244.000000 0.670188 0.063562 0.090375 0.004875 0.171000 
244.500000 0.673000 0.060750 0.090625 0.004500 0.171125 
245.000000 0.672813 0.061000 0.090375 0.004625 0.171187 
245.500000 0.672438 0.061750 0.089875 0.004437 0.171500 
246.000000 0.673188 0.061375 0.089750 0.004188 0.171500 
246.500000 0.674125 0.060812 0.088688 0.004562 0.171813 
247.000000 0.672312 0.062562 0.089063 0.004000 0.172063 
247.500000 0.672687 0.062000 0.089125 0.003812 0.172375 
248.000000 0.673375 0.061125 0.089125 0.004063 0.172313 
248.500000 0.672750 0.061750 0.088625 0.004188 0.172687 
249.000000 0.674375 0.060437 0.088313 0.004125 0.172750 
249.500000 0.673750 0.061125 0.088313 0.004125 0.172687 
250.000000 0.675312 0.059375 0.088188 0.004125 0.173000 
250.500000 0.674687 0.060375 0.088250 0.003625 0.173063 
251.000000 0.675125 0.060125 0.087875 0.004125 0.172750 
251.500000 0.672562 0.062437 0.088250 0.003938 0.172813 
252.000000 0.672813 0.062500 0.087813 0.004188 0.172687 
252.500000 0.674375 0.061250 0.087625 0.004125 0.172625 
253.000000 0.673250 0.062437 0.087563 0.003938 0.172813 
253.500000 0.672438 0.063312 0.087125 0.004000 0.173125 
254.000000 0.673625 0.062250 0.087375 0.003750 0.173000 
254.500000 0.673750 0.062062 0.087000 0.004125 0.173063 
255.000000 0.675562 0.060500 0.086563 0.004063 0.173313 
255.500000 0.673687 0.062625 0.086625 0.004063 0.173000 
256.000000 0.676063 0.060312 0.086000 0.004313 0.173313 
256.500000 0.676125 0.060375 0.086375 0.004000 0.173125 
257.000000 0.677750 0.058812 0.085875 0.004188 0.173375 
257.500000 0.677250 0.059437 0.085812 0.004000 0.173500 
258.000000 0.677063 0.059875 0.085750 0.003812 0.173500 
258.500000 0.678250 0.058500 0.085938 0.003625 0.173687 
259.000000 0.677250 0.059875 0.085938 0.003187 0.173750 
259.500000 0.677063 0.060000 0.085562 0.003500 0.173875 
260.000000 0.676500 0.060625 0.085375 0.003438 0.174063 
260.500000 0.676750 0.060062 0.085562 0.003563 0.174063 
261.000000 0.677063 0.060375 0.084937 0.003375 0.174250 
261.500000 0.675813 0.061812 0.084875 0.003063 0.174437 
262.000000 0.678438 0.059125 0.084937 0.002750 0.174750 
262.500000 0.676125 0.061187 0.084875 0.003312 0.174500 
263.000000 0.674687 0.062625 0.084750 0.003312 0.174625 
263.500000 0.674500 0.062812 0.085125 0.002812 0.174750 
264.000000 0.675562 0.062312 0.084625 0.002687 0.174813 
264.500000 0.673937 0.063312 0.084500 0.003250 0.175000 
265.000000 0.674188 0.063562 0.084125 0.002938 0.175187 
265.500000 0.675125 0.062500 0.083500 0.003563 0.175313 
266.000000 0.675875 0.061812 0.083500 0.003187 0.175625 
266.500000 0.675625 0.062062 0.083250 0.003563 0.175500 
267.000000 0.675438 0.062500 0.083312 0.003125 0.175625 
267.500000 0.674438 0.063312 0.083375 0.003250 0.175625 
268.000000 0.677562 0.060500 0.082750 0.003125 0.176063 
268.500000 0.675375 0.062500 0.082750 0.003250 0.176125 
269.000000 0.674687 0.063312 0.082687 0.003063 0.176250 
269.500000 0.675687 0.062062 0.082875 0.003187 0.176187 
270.000000 0.675875 0.061937 0.082875 0.003187 0.176125 
270.500000 0.675687 0.062375 0.083062 0.002625 0.176250 
271.000000 0.675813 0.062375 0.081937 0.003438 0.176437 
271.500000 0.675937 0.062125 0.082250 0.003125 0.176563 
272.000000 0.678125 0.060000 0.082625 0.003000 0.176250 
272.500000 0.676750 0.061687 0.081937 0.003000 0.176625 
273.000000 0.676250 0.062187 0.081812 0.003125 0.176625 
273.500000 0.677813 0.061000 0.081375 0.003312 0.176500 
274.000000 0.677937 0.060875 0.081125 0.003375 0.176687 
274.500000 0.677813 0.061000 0.081250 0.003125 0.176813 
275.000000 0.677125 0.061625 0.080312 0.003938 0.177000 
275.500000 0.675750 0.063000 0.080875 0.003187 0.177187 
276.000000 0.679250 0.059812 0.080250 0.003375 0.177313 
276.500000 0.676625 0.062687 0.080062 0.003187 0.177437 
277.000000 0.675813 0.063625 0.079812 0.003375 0.177375 
277.500000 0.675687 0.063687 0.080062 0.003187 0.177375 
278.000000 0.674188 0.065187 0.079937 0.003250 0.177437 
278.500000 0.675063 0.064125 0.079937 0.003187 0.177687 
279.000000 0.674375 0.065062 0.078937 0.003750 0.177875 
279.500000 0.675000 0.064250 0.079250 0.003563 0.177937 
280.000000 0.674500 0.065375 0.078437 0.003500 0.178187 
280.500000 0.675312 0.064750 0.078187 0.003375 0.178375 
281.000000 0.676125 0.063500 0.078063 0.004000 0.178313 
281.500000 0.675875 0.063750 0.078250 0.003563 0.178563 
282.000000 0.676125 0.063812 0.077688 0.003812 0.178563 
282.500000 0.677000 0.062437 0.078250 0.003563 0.178750 
283.000000 0.676125 0.063375 0.078437 0.003375 0.178687 
283.500000 0.677312 0.062750 0.077813 0.003438 0.178687 
284.000000 0.676188 0.063875 0.077500 0.003438 0.179000 
284.500000 0.677063 0.063062 0.077563 0.003312 0.179000 
285.000000 0.677438 0.062500 0.077875 0.002938 0.179250 
285.500000 0.675562 0.064937 0.078000 0.002437 0.179063 
286.000000 0.676000 0.064250 0.077750 0.002812 0.179187 
286.500000 0.676562 0.064062 0.077125 0.002812 0.179437 
287.000000 0.678375 0.062062 0.077313 0.002938 0.179313 
287.500000 0.678000 0.062437 0.077063 0.002875 0.179625 
288.000000 0.679500 0.061000 0.077000 0.003063 0.179437 
288.500000 0.679188 0.061437 0.076313 0.003187 0.179875 
289.000000 0.678875 0.062062 0.076250 0.002750 0.180062 
289.500000 0.677562 0.063125 0.075938 0.003250 0.180125 
290.000000 0.676687 0.064187 0.075875 0.002938 0.180312 
290.500000 0.677375 0.063500 0.075750 0.002875 0.180500 
291.000000 0.678375 0.062500 0.075625 0.002938 0.180562 
291.500000 0.677375 0.063187 0.076000 0.002875 0.180562 
292.000000 0.679500 0.061375 0.075875 0.002938 0.180312 
292.500000 0.679438 0.061500 0.075563 0.002750 0.180750 
293.000000 0.680187 0.060875 0.075063 0.003125 0.180750 
293.500000 0.678063 0.062687 0.075438 0.003187 0.180625 
294.000000 0.680438 0.060437 0.074938 0.003125 0.181062 
294.500000 0.680125 0.060812 0.074750 0.002938 0.181375 
295.000000 0.678375 0.062437 0.074188 0.003375 0.181625 
295.500000 0.678687 0.062187 0.074750 0.002812 0.181562 
296.000000 0.679750 0.061437 0.074313 0.002875 0.181625 
296.500000 0.681000 0.059875 0.074563 0.002687 0.181875 
297.000000 0.679813 0.060812 0.073875 0.003687 0.181812 
297.500000 0.681000 0.060125 0.073750 0.003187 0.181938 
298.000000 0.681375 0.059750 0.073438 0.003000 0.182438 
298.500000 0.678312 0.063000 0.073000 0.003250 0.182438 
299.000000 0.678937 0.062312 0.073188 0.003312 0.182250 
299.500000 0.678687 0.062937 0.072563 0.003438 0.182375 
300.000000 0.679875 0.062000 0.072625 0.003187 0.182312 
300.500000 0.680375 0.061687 0.072250 0.003125 0.182562 
301.000000 0.680438 0.061812 0.072375 0.003000 0.182375 
301.500000 0.680063 0.062312 0.071875 0.003250 0.182500 
302.000000 0.679750 0.062437 0.072313 0.003000 0.182500 
302.500000 0.679937 0.062437 0.072375 0.002750 0.182500 
303.000000 0.679562 0.063187 0.072000 0.002750 0.182500 
303.500000 0.680813 0.062187 0.071438 0.002938 0.182625 
304.000000 0.679750 0.063000 0.071688 0.002875 0.182688 
304.500000 0.680438 0.062500 0.071938 0.002687 0.182438 
305.000000 0.681375 0.061375 0.071625 0.003063 0.182562 
305.500000 0.679188 0.063625 0.071500 0.003000 0.182688 
306.000000 0.681000 0.061937 0.071438 0.002938 0.182688 
306.500000 0.680562 0.062312 0.071313 0.003250 0.182562 
307.000000 0.679188 0.063562 0.071438 0.003125 0.182688 
307.500000 0.679750 0.062937 0.071125 0.003187 0.183000 
308.000000 0.680562 0.062125 0.070625 0.003312 0.183375 
308.500000 0.679937 0.063250 0.070438 0.003125 0.183250 
309.000000 0.679125 0.063812 0.070688 0.003187 0.183188 
309.500000 0.682063 0.060937 0.070438 0.003312 0.183250 
310.000000 0.680500 0.062500 0.070250 0.003312 0.183438 
310.500000 0.681000 0.062250 0.070000 0.003250 0.183500 
311.000000 0.681312 0.062000 0.070062 0.003187 0.183438 
311.500000 0.681750 0.061750 0.069500 0.003500 0.183500 
312.000000 0.681125 0.062437 0.069312 0.003250 0.183875 
312.500000 0.681688 0.061750 0.069625 0.003187 0.183750 
313.000000 0.681250 0.062312 0.069500 0.003063 0.183875 
313.500000 0.682750 0.060687 0.069062 0.003563 0.183938 
314.000000 0.681813 0.062125 0.069000 0.003063 0.184000 
314.500000 0.680562 0.063375 0.069000 0.003187 0.183875 
315.000000 0.682187 0.061750 0.068687 0.003125 0.184250 
315.500000 0.683750 0.060500 0.068625 0.003063 0.184062 
316.000000 0.682312 0.061812 0.068625 0.003250 0.184000 
316.500000 0.680875 0.063500 0.068062 0.003250 0.184312 
317.000000 0.680438 0.063875 0.067312 0.003938 0.184438 
317.500000 0.682187 0.062187 0.067625 0.003500 0.184500 
318.000000 0.681438 0.062812 0.068000 0.003312 0.184438 
318.500000 0.682562 0.062187 0.067187 0.003375 0.184688 
319.000000 0.683688 0.060687 0.067625 0.003312 0.184688 
319.500000 0.683500 0.061625 0.066937 0.003375 0.184562 
320.000000 0.683375 0.061625 0.067312 0.003250 0.184438 
320.500000 0.683625 0.061500 0.066437 0.003625 0.184812 
321.000000 0.681500 0.064062 0.066500 0.003312 0.184625 
321.500000 0.681000 0.064687 0.066375 0.003063 0.184875 
322.000000 0.682187 0.063187 0.066625 0.003187 0.184812 
322.500000 0.680625 0.064750 0.066875 0.002812 0.184938 
323.000000 0.683312 0.062375 0.065937 0.003125 0.185250 
323.500000 0.683750 0.062187 0.065625 0.003063 0.185375 
324.000000 0.683813 0.061937 0.065562 0.003312 0.185375 
324.500000 0.683375 0.062562 0.065125 0.003312 0.185625 
325.000000 0.683937 0.062312 0.065187 0.003125 0.185438 
325.500000 0.685063 0.061312 0.065062 0.002812 0.185750 
326.000000 0.685500 0.060500 0.065062 0.002875 0.186062 
326.500000 0.683562 0.062812 0.064875 0.002938 0.185812 
327.000000 0.685438 0.060687 0.065250 0.002750 0.185875 
327.500000 0.684625 0.061562 0.064875 0.002938 0.186000 
328.000000 0.684312 0.061937 0.064875 0.003063 0.185812 
328.500000 0.684562 0.061875 0.064312 0.003125 0.186125 
329.000000 0.686000 0.060562 0.063937 0.003563 0.185938 
329.500000 0.686063 0.060500 0.064250 0.002938 0.186250 
330.000000 0.687562 0.058750 0.064875 0.002687 0.186125 
330.500000 0.686250 0.059937 0.064500 0.003000 0.186312 
331.000000 0.687937 0.058563 0.064312 0.002938 0.186250 
331.500000 0.686250 0.060125 0.064312 0.003187 0.186125 
332.000000 0.686187 0.060375 0.063937 0.003000 0.186500 
332.500000 0.685750 0.060875 0.063437 0.003625 0.186312 
333.000000 0.685125 0.061312 0.063875 0.003250 0.186438 
333.500000 0.684187 0.062062 0.064437 0.002938 0.186375 
334.000000 0.683813 0.062750 0.064562 0.002500 0.186375 
334.500000 0.684250 0.062375 0.064062 0.002687 0.186625 
335.000000 0.683125 0.063375 0.063875 0.002938 0.186688 
335.500000 0.682000 0.064750 0.063437 0.002938 0.186875 
336.000000 0.682937 0.064125 0.063687 0.002437 0.186812 
336.500000 0.682063 0.065312 0.063375 0.002375 0.186875 
337.000000 0.683000 0.064375 0.063125 0.002687 0.186812 
337.500000 0.682562 0.065250 0.062937 0.002375 0.186875 
338.000000 0.682500 0.065000 0.063062 0.002375 0.187062 
338.500000 0.681438 0.066000 0.062375 0.003187 0.187000 
339.000000 0.681937 0.065562 0.063062 0.002500 0.186938 
339.500000 0.682250 0.065625 0.062500 0.002500 0.187125 
340.000000 0.682500 0.065125 0.062500 0.002375 0.187500 
340.500000 0.683312 0.064000 0.062562 0.002687 0.187438 
341.000000 0.683312 0.064062 0.062687 0.002500 0.187438 
341.500000 0.683063 0.064437 0.062812 0.002188 0.187500 
342.000000 0.683438 0.064187 0.062562 0.002250 0.187562 
342.500000 0.684813 0.062750 0.062562 0.002250 0.187625 
343.000000 0.684625 0.062750 0.062375 0.002437 0.187812 
343.500000 0.686250 0.061125 0.062562 0.002250 0.187812 
344.000000 0.684000 0.063500 0.062437 0.002625 0.187438 
344.500000 0.686937 0.060500 0.062062 0.002938 0.187562 
345.000000 0.686000 0.061375 0.062500 0.002625 0.187500 
345.500000 0.686000 0.061375 0.061812 0.003187 0.187625 
346.000000 0.688063 0.059437 0.061750 0.002875 0.187875 
346.500000 0.687312 0.060500 0.061375 0.002875 0.187938 
347.000000 0.687438 0.060375 0.061437 0.002563 0.188188 
347.500000 0.683875 0.064062 0.061562 0.002437 0.188062 
348.000000 0.684500 0.063562 0.061062 0.002875 0.188000 
348.500000 0.686063 0.062062 0.060937 0.002687 0.188250 
349.000000 0.684688 0.063625 0.060562 0.002687 0.188438 
349.500000 0.686625 0.062125 0.060187 0.002563 0.188500 
350.000000 0.688438 0.060125 0.060437 0.002625 0.188375 
350.500000 0.689063 0.059500 0.060250 0.002687 0.188500 
351.000000 0.687937 0.060937 0.060062 0.002563 0.188500 
351.500000 0.686562 0.062125 0.060125 0.002750 0.188438 
352.000000 0.686125 0.062562 0.059812 0.002687 0.188812 
