0.000000 0.480500 0.087000 0.259000 0.166000 0.007500 
0.500000 0.478000 0.091000 0.251500 0.172000 0.007500 
1.000000 0.473500 0.093000 0.256000 0.170000 0.007500 
1.500000 0.474000 0.093500 0.249500 0.175500 0.007500 
2.000000 0.475500 0.092500 0.245500 0.179000 0.007500 
2.500000 0.480000 0.088500 0.244000 0.180000 0.007500 
3.000000 0.481500 0.088000 0.241500 0.181500 0.007500 
3.500000 0.472500 0.097000 0.237500 0.185500 0.007500 
4.000000 0.477000 0.093500 0.240000 0.181500 0.008000 
4.500000 0.473000 0.096500 0.241500 0.181000 0.008000 
5.000000 0.467500 0.104500 0.237500 0.181500 0.009000 
5.500000 0.466500 0.105000 0.237500 0.182000 0.009000 
6.000000 0.455500 0.113500 0.247000 0.173000 0.011000 
6.500000 0.450500 0.122500 0.247500 0.168500 0.011000 
7.000000 0.446500 0.126500 0.250500 0.165500 0.011000 
7.500000 0.433500 0.142500 0.251000 0.161000 0.012000 
8.000000 0.445000 0.135000 0.254000 0.154000 0.012000 
8.500000 0.443000 0.142500 0.254500 0.146500 0.013500 
9.000000 0.438000 0.148000 0.255000 0.142000 0.017000 
9.500000 0.452000 0.143500 0.254500 0.132500 0.017500 
10.000000 0.459500 0.138000 0.256000 0.124500 0.022000 
10.500000 0.463500 0.140000 0.255500 0.116000 0.025000 
11.000000 0.471000 0.132000 0.254000 0.115500 0.027500 
11.500000 0.481500 0.125000 0.252500 0.111500 0.029500 
12.000000 0.491500 0.122500 0.250000 0.103000 0.033000 
12.500000 0.496500 0.121000 0.254000 0.094500 0.034000 
13.000000 0.502000 0.120000 0.252000 0.089500 0.036500 
13.500000 0.507500 0.116500 0.251500 0.088000 0.036500 
14.000000 0.511500 0.115500 0.258000 0.077000 0.038000 
14.500000 0.518000 0.111500 0.257000 0.075000 0.038500 
15.000000 0.521000 0.109500 0.259000 0.072500 0.038000 
15.500000 0.525500 0.110500 0.256000 0.069000 0.039000 
16.000000 0.523500 0.112500 0.257000 0.067000 0.040000 
16.500000 0.536000 0.102000 0.254500 0.066500 0.041000 
17.000000 0.539000 0.098500 0.257000 0.063500 0.042000 
17.500000 0.536500 0.101000 0.257500 0.061500 0.043500 
18.000000 0.535500 0.103500 0.261500 0.055000 0.044500 
18.500000 0.536000 0.104500 0.258500 0.055500 0.045500 
19.000000 0.545500 0.095000 0.257500 0.055000 0.047000 
19.500000 0.543500 0.098500 0.259000 0.051000 0.048000 
20.000000 0.547000 0.096000 0.256500 0.051000 0.049500 
20.500000 0.543500 0.100500 0.254500 0.050500 0.051000 
21.000000 0.556000 0.092500 0.250500 0.049000 0.052000 
21.500000 0.564000 0.085500 0.248000 0.048000 0.054500 
22.000000 0.564000 0.085000 0.250000 0.046500 0.054500 
22.500000 0.564500 0.088500 0.247000 0.044500 0.055500 
23.000000 0.568000 0.084500 0.243500 0.047500 0.056500 
23.500000 0.569500 0.082500 0.251000 0.040000 0.057000 
24.000000 0.571000 0.084000 0.251500 0.036000 0.057500 
24.500000 0.575000 0.081500 0.247000 0.039500 0.057000 
25.000000 0.579000 0.078500 0.243000 0.038000 0.061500 
25.500000 0.574000 0.085500 0.244000 0.035500 0.061000 
26.000000 0.569000 0.089500 0.246000 0.034000 0.061500 
26.500000 0.576000 0.082000 0.246000 0.033000 0.063000 
27.000000 0.577500 0.082500 0.241000 0.035000 0.064000 
27.500000 0.577000 0.084000 0.235500 0.038500 0.065000 
28.000000 0.574500 0.086000 0.239000 0.034500 0.066000 
28.500000 0.578000 0.084500 0.236500 0.034000 0.067000 
29.000000 0.573500 0.089500 0.238500 0.031000 0.067500 
29.500000 0.577500 0.086000 0.236500 0.032000 0.068000 
30.000000 0.583000 0.081000 0.233000 0.033000 0.070000 
30.500000 0.578500 0.087000 0.229500 0.033500 0.071500 
31.000000 0.590000 0.077000 0.226000 0.035000 0.072000 
31.500000 0.591000 0.078000 0.229000 0.030000 0.072000 
32.000000 0.589000 0.080500 0.229000 0.029000 0.072500 
32.500000 0.596000 0.076000 0.227500 0.026500 0.074000 
33.000000 0.595000 0.075000 0.227500 0.027000 0.075500 
33.500000 0.599500 0.071500 0.226500 0.026500 0.076000 
34.000000 0.601000 0.072000 0.223000 0.026500 0.077500 
34.500000 0.599000 0.074500 0.220000 0.027000 0.079500 
35.000000 0.599000 0.074500 0.219500 0.025500 0.081500 
35.500000 0.607500 0.066000 0.221000 0.023500 0.082000 
36.000000 0.606000 0.066000 0.217000 0.028500 0.082500 
36.500000 0.608000 0.064000 0.221500 0.023000 0.083500 
37.000000 0.608500 0.064000 0.217500 0.025000 0.085000 
37.500000 0.613500 0.061000 0.216500 0.023500 0.085500 
38.000000 0.615000 0.061000 0.215000 0.022000 0.087000 
38.500000 0.611500 0.065000 0.215000 0.020500 0.088000 
39.000000 0.615500 0.059000 0.213500 0.024000 0.088000 
39.500000 0.616500 0.058000 0.214500 0.022500 0.088500 
40.000000 0.622000 0.054500 0.211000 0.023000 0.089500 
40.500000 0.619500 0.057500 0.210000 0.022500 0.090500 
41.000000 0.613000 0.063500 0.206500 0.024000 0.093000 
41.500000 0.614500 0.063500 0.207500 0.023000 0.091500 
42.000000 0.610500 0.065500 0.208500 0.023000 0.092500 
42.500000 0.615000 0.061500 0.206000 0.024500 0.093000 
43.000000 0.618000 0.060500 0.205500 0.022500 0.093500 
43.500000 0.616500 0.063000 0.203500 0.022000 0.095000 
44.000000 0.609000 0.069500 0.204000 0.021500 0.096000 
44.500000 0.612000 0.068000 0.199000 0.024000 0.097000 
45.000000 0.613500 0.068000 0.199000 0.020500 0.099000 
45.500000 0.611500 0.071000 0.195500 0.021000 0.101000 
46.000000 0.609000 0.072500 0.195500 0.021000 0.102000 
46.500000 0.616500 0.064500 0.195500 0.021000 0.102500 
47.000000 0.617500 0.066000 0.194000 0.020000 0.102500 
47.500000 0.618000 0.065500 0.194500 0.018500 0.103500 
48.000000 0.614000 0.069500 0.194000 0.019000 0.103500 
48.500000 0.612500 0.071500 0.191000 0.021500 0.103500 
49.000000 0.607000 0.078000 0.192500 0.017500 0.105000 
49.500000 0.611500 0.074000 0.190500 0.018500 0.105500 
50.000000 0.618000 0.068500 0.191000 0.016500 0.106000 
50.500000 0.617500 0.070000 0.192500 0.014000 0.106000 
51.000000 0.619500 0.065000 0.189500 0.018500 0.107500 
51.500000 0.621000 0.065500 0.189500 0.016000 0.108000 
52.000000 0.631000 0.055000 0.189000 0.017000 0.108000 
52.500000 0.630500 0.058000 0.186000 0.016500 0.109000 
53.000000 0.625000 0.063500 0.185000 0.017000 0.109500 
53.500000 0.626000 0.062500 0.186500 0.016000 0.109000 
54.000000 0.632500 0.057500 0.181500 0.018500 0.110000 
54.500000 0.632000 0.058000 0.186000 0.014000 0.110000 
55.000000 0.628000 0.065000 0.178500 0.017000 0.111500 
55.500000 0.626500 0.065500 0.179500 0.017000 0.111500 
56.000000 0.634000 0.058000 0.181000 0.015000 0.112000 
56.500000 0.632500 0.060000 0.179500 0.016000 0.112000 
57.000000 0.634000 0.059000 0.180000 0.015000 0.112000 
57.500000 0.629000 0.065500 0.179500 0.014000 0.112000 
58.000000 0.629000 0.066000 0.180500 0.011000 0.113500 
58.500000 0.632000 0.063000 0.181500 0.010000 0.113500 
59.000000 0.635000 0.061000 0.178000 0.012500 0.113500 
59.500000 0.623000 0.072500 0.175000 0.013500 0.116000 
60.000000 0.628500 0.067500 0.176500 0.010500 0.117000 
60.500000 0.620500 0.076500 0.174500 0.011000 0.117500 
61.000000 0.631500 0.065500 0.175500 0.009500 0.118000 
61.500000 0.628000 0.069500 0.173500 0.011000 0.118000 
62.000000 0.628000 0.069000 0.172500 0.010000 0.120500 
62.500000 0.630500 0.067500 0.169500 0.013000 0.119500 
63.000000 0.632000 0.065500 0.174000 0.010000 0.118500 
63.500000 0.633500 0.065000 0.171000 0.011500 0.119000 
64.000000 0.632000 0.065000 0.169000 0.014000 0.120000 
64.500000 0.634000 0.064500 0.171000 0.010500 0.120000 
65.000000 0.636000 0.063500 0.166500 0.011500 0.122500 
65.500000 0.630500 0.067500 0.169500 0.010000 0.122500 
66.000000 0.631500 0.067000 0.169000 0.009500 0.123000 
66.500000 0.628000 0.071000 0.168000 0.009500 0.123500 
67.000000 0.632000 0.067500 0.166500 0.010500 0.123500 
67.500000 0.631000 0.069000 0.167500 0.009000 0.123500 
68.000000 0.633000 0.067500 0.163000 0.012000 0.124500 
68.500000 0.634000 0.066500 0.164500 0.009500 0.125500 
69.000000 0.630500 0.070000 0.160500 0.013500 0.125500 
69.500000 0.630000 0.073000 0.159000 0.012000 0.126000 
70.000000 0.643000 0.060000 0.160000 0.010500 0.126500 
70.500000 0.633000 0.072000 0.157000 0.011500 0.126500 
71.000000 0.635000 0.070000 0.158000 0.009000 0.128000 
71.500000 0.637500 0.067500 0.156000 0.011500 0.127500 
72.000000 0.629000 0.077000 0.156500 0.010500 0.127000 
72.500000 0.636500 0.071000 0.157500 0.008000 0.127000 
73.000000 0.632000 0.074500 0.159500 0.006500 0.127500 
73.500000 0.635000 0.070500 0.158000 0.009000 0.127500 
74.000000 0.636000 0.070500 0.155000 0.010000 0.128500 
74.500000 0.635500 0.071500 0.155500 0.007500 0.130000 
75.000000 0.633500 0.074000 0.152000 0.010000 0.130500 
75.500000 0.636500 0.072500 0.150500 0.009000 0.131500 
76.000000 0.635000 0.075000 0.150000 0.007000 0.133000 
76.500000 0.630500 0.078500 0.149500 0.007500 0.134000 
77.000000 0.645000 0.063500 0.144500 0.011500 0.135500 
77.500000 0.644000 0.064500 0.146500 0.009500 0.135500 
78.000000 0.638500 0.071500 0.143000 0.010500 0.136500 
78.500000 0.638500 0.071000 0.143000 0.011000 0.136500 
79.000000 0.638500 0.071000 0.142000 0.011500 0.137000 
79.500000 0.644000 0.065500 0.142500 0.011000 0.137000 
80.000000 0.644000 0.067000 0.143000 0.010000 0.136000 
80.500000 0.643500 0.068000 0.139500 0.011500 0.137500 
81.000000 0.647000 0.065000 0.138500 0.010000 0.139500 
81.500000 0.645000 0.066000 0.140500 0.009000 0.139500 
82.000000 0.646000 0.066000 0.137500 0.011000 0.139500 
82.500000 0.643500 0.068500 0.137000 0.009000 0.142000 
83.000000 0.644500 0.067500 0.135500 0.009500 0.143000 
83.500000 0.647500 0.065000 0.134000 0.010000 0.143500 
84.000000 0.641000 0.070000 0.133500 0.011500 0.144000 
84.500000 0.645500 0.066000 0.134500 0.009500 0.144500 
85.000000 0.647000 0.066000 0.133500 0.010000 0.143500 
85.500000 0.647000 0.067000 0.130000 0.011000 0.145000 
86.000000 0.641500 0.071000 0.132000 0.010500 0.145000 
86.500000 0.640000 0.074000 0.127500 0.012000 0.146500 
87.000000 0.646000 0.067500 0.128000 0.011500 0.147000 
87.500000 0.652000 0.062500 0.126000 0.012000 0.147500 
88.000000 0.645500 0.069000 0.127000 0.012000 0.146500 
88.500000 0.649000 0.067500 0.128500 0.008000 0.147000 
89.000000 0.645500 0.070500 0.128500 0.008000 0.147500 
89.500000 0.641000 0.074000 0.126000 0.011000 0.148000 
90.000000 0.641500 0.075500 0.127000 0.007500 0.148500 
90.500000 0.647000 0.069500 0.126500 0.009000 0.148000 
91.000000 0.640500 0.076000 0.128000 0.006500 0.149000 
91.500000 0.643000 0.073500 0.126500 0.008000 0.149000 
92.000000 0.645000 0.071000 0.126000 0.007500 0.150500 
92.500000 0.643000 0.072000 0.127000 0.007500 0.150500 
93.000000 0.643000 0.074000 0.125500 0.007500 0.150000 
93.500000 0.649500 0.069000 0.124000 0.006000 0.151500 
94.000000 0.644000 0.075500 0.124500 0.004500 0.151500 
94.500000 0.644000 0.074000 0.123000 0.007500 0.151500 
95.000000 0.643500 0.073000 0.123000 0.008500 0.152000 
95.500000 0.649000 0.068500 0.124000 0.006000 0.152500 
96.000000 0.650000 0.067000 0.122500 0.008000 0.152500 
96.500000 0.653500 0.062500 0.123500 0.008000 0.152500 
97.000000 0.660500 0.056500 0.122000 0.008500 0.152500 
97.500000 0.654000 0.063500 0.122000 0.007500 0.153000 
98.000000 0.640500 0.078500 0.120500 0.007500 0.153000 
98.500000 0.643500 0.074000 0.121000 0.006500 0.155000 
99.000000 0.639500 0.079000 0.121000 0.006000 0.154500 
99.500000 0.637000 0.082000 0.120000 0.007000 0.154000 
100.000000 0.644500 0.075000 0.121000 0.005500 0.154000 
100.500000 0.646000 0.074000 0.119500 0.005000 0.155500 
101.000000 0.649000 0.069500 0.122000 0.004000 0.155500 
101.500000 0.644500 0.074500 0.120500 0.004500 0.156000 
102.000000 0.650000 0.068500 0.120500 0.005000 0.156000 
102.500000 0.641000 0.077500 0.120000 0.005000 0.156500 
103.000000 0.643500 0.075000 0.119500 0.005000 0.157000 
103.500000 0.640000 0.077500 0.119000 0.006500 0.157000 
104.000000 0.643000 0.075500 0.119000 0.005000 0.157500 
104.500000 0.639500 0.078500 0.119500 0.004500 0.158000 
105.000000 0.642000 0.076500 0.116000 0.005500 0.160000 
105.500000 0.640500 0.078000 0.115500 0.005000 0.161000 
106.000000 0.643500 0.076000 0.114000 0.006000 0.160500 
106.500000 0.645000 0.075500 0.111500 0.007000 0.161000 
107.000000 0.637000 0.081500 0.114500 0.005500 0.161500 
107.500000 0.637500 0.082000 0.113000 0.006000 0.161500 
108.000000 0.645000 0.074000 0.114000 0.005500 0.161500 
108.500000 0.641000 0.079000 0.112000 0.007000 0.161000 
109.000000 0.652000 0.068500 0.111500 0.006500 0.161500 
109.500000 0.646500 0.074000 0.109500 0.007000 0.163000 
110.000000 0.650000 0.070000 0.112000 0.005000 0.163000 
110.500000 0.654500 0.065000 0.112500 0.005000 0.163000 
111.000000 0.648000 0.073000 0.110000 0.006000 0.163000 
111.500000 0.647000 0.074000 0.110000 0.006500 0.162500 
112.000000 0.651500 0.069000 0.109000 0.007000 0.163500 
112.500000 0.648000 0.071500 0.108000 0.007000 0.165500 
113.000000 0.653500 0.066500 0.106500 0.007000 0.166500 
113.500000 0.650000 0.070500 0.106000 0.007500 0.166000 
114.000000 0.657000 0.065000 0.105500 0.005500 0.167000 
114.500000 0.650500 0.071000 0.104500 0.007000 0.167000 
115.000000 0.643500 0.078000 0.104000 0.007000 0.167500 
115.500000 0.650500 0.071500 0.105500 0.005000 0.167500 
116.000000 0.651500 0.070500 0.107500 0.003500 0.167000 
116.500000 0.649500 0.073500 0.105000 0.004000 0.168000 
117.000000 0.647000 0.076000 0.102500 0.005000 0.169500 
117.500000 0.655000 0.069500 0.100000 0.005500 0.170000 
118.000000 0.651500 0.071500 0.101500 0.006000 0.169500 
118.500000 0.642500 0.080000 0.101000 0.006500 0.170000 
119.000000 0.649500 0.072000 0.101500 0.007000 0.170000 
119.500000 0.646000 0.075000 0.099500 0.009500 0.170000 
120.000000 0.645500 0.076000 0.096500 0.011500 0.170500 
120.500000 0.646500 0.076000 0.097000 0.010000 0.170500 
121.000000 0.646500 0.075000 0.099000 0.009500 0.170000 
121.500000 0.653000 0.071000 0.097000 0.009000 0.170000 
122.000000 0.654500 0.070500 0.099000 0.006500 0.169500 
122.500000 0.654500 0.070000 0.099500 0.006500 0.169500 
123.000000 0.649000 0.075000 0.100000 0.007500 0.168500 
123.500000 0.655000 0.071000 0.098500 0.006000 0.169500 
124.000000 0.654000 0.071500 0.100000 0.004500 0.170000 
124.500000 0.652500 0.073000 0.101000 0.004500 0.169000 
125.000000 0.657500 0.067000 0.101000 0.004500 0.170000 
125.500000 0.645500 0.080500 0.100000 0.004000 0.170000 
126.000000 0.646500 0.078500 0.102500 0.003000 0.169500 
126.500000 0.644500 0.082000 0.097000 0.006000 0.170500 
127.000000 0.654000 0.073000 0.100500 0.002500 0.170000 
127.500000 0.653500 0.073000 0.098500 0.004000 0.171000 
128.000000 0.653000 0.073500 0.097000 0.005500 0.171000 
128.500000 0.656500 0.071500 0.097500 0.003000 0.171500 
129.000000 0.657000 0.069500 0.095500 0.006500 0.171500 
129.500000 0.668500 0.060500 0.095500 0.004500 0.171000 
130.000000 0.660500 0.069000 0.093500 0.005500 0.171500 
130.500000 0.660000 0.069000 0.095000 0.004000 0.172000 
131.000000 0.658500 0.070500 0.096000 0.003500 0.171500 
131.500000 0.660000 0.069000 0.095000 0.004000 0.172000 
132.000000 0.663000 0.067000 0.094000 0.004000 0.172000 
132.500000 0.661500 0.069500 0.093500 0.005000 0.170500 
133.000000 0.660500 0.070000 0.094500 0.003500 0.171500 
133.500000 0.662500 0.068000 0.092000 0.005500 0.172000 
134.000000 0.656000 0.075500 0.091500 0.004000 0.173000 
134.500000 0.652000 0.079500 0.090500 0.005000 0.173000 
135.000000 0.665000 0.065000 0.090000 0.007000 0.173000 
135.500000 0.651500 0.079500 0.090000 0.006000 0.173000 
136.000000 0.654500 0.077500 0.090500 0.005000 0.172500 
136.500000 0.660500 0.072000 0.090000 0.005000 0.172500 
137.000000 0.658000 0.075500 0.089500 0.004500 0.172500 
137.500000 0.661500 0.072000 0.090000 0.005500 0.171000 
138.000000 0.674000 0.061000 0.087500 0.005000 0.172500 
138.500000 0.663500 0.071500 0.087500 0.005000 0.172500 
139.000000 0.664000 0.071000 0.086000 0.007000 0.172000 
139.500000 0.670500 0.064500 0.085500 0.007000 0.172500 
140.000000 0.674500 0.061500 0.085500 0.006000 0.172500 
140.500000 0.668500 0.066000 0.087000 0.006000 0.172500 
141.000000 0.666000 0.069500 0.086000 0.005500 0.173000 
141.500000 0.669000 0.067000 0.085000 0.006000 0.173000 
142.000000 0.673000 0.061500 0.085500 0.006500 0.173500 
142.500000 0.667000 0.068000 0.084000 0.005000 0.176000 
143.000000 0.667000 0.068500 0.084000 0.004500 0.176000 
143.500000 0.664000 0.071000 0.083500 0.005500 0.176000 
144.000000 0.665500 0.070000 0.083500 0.005000 0.176000 
144.500000 0.669500 0.065500 0.083500 0.006000 0.175500 
145.000000 0.673500 0.063000 0.083500 0.003000 0.177000 
145.500000 0.670000 0.065500 0.083500 0.005000 0.176000 
146.000000 0.664500 0.070500 0.082500 0.005500 0.177000 
146.500000 0.659500 0.074500 0.086500 0.002500 0.177000 
147.000000 0.666000 0.069500 0.083500 0.003500 0.177500 
147.500000 0.663000 0.073000 0.082500 0.004500 0.177000 
148.000000 0.657000 0.078500 0.083000 0.005500 0.176000 
148.500000 0.667000 0.068500 0.082000 0.004000 0.178500 
149.000000 0.664000 0.071000 0.083000 0.003500 0.178500 
149.500000 0.670000 0.065000 0.082500 0.004000 0.178500 
150.000000 0.663500 0.071000 0.081500 0.005000 0.179000 
150.500000 0.663000 0.071500 0.081000 0.006000 0.178500 
151.000000 0.664500 0.071000 0.080500 0.006000 0.178000 
151.500000 0.669500 0.064000 0.081000 0.006500 0.179000 
152.000000 0.661000 0.074500 0.077500 0.007000 0.180000 
152.500000 0.657500 0.076000 0.078000 0.008000 0.180500 
153.000000 0.664500 0.070500 0.078000 0.007500 0.179500 
153.500000 0.664000 0.072500 0.078500 0.005500 0.179500 
154.000000 0.666500 0.069500 0.079500 0.005000 0.179500 
154.500000 0.665500 0.071000 0.078500 0.005500 0.179500 
155.000000 0.672500 0.064500 0.077000 0.006000 0.180000 
155.500000 0.671500 0.065000 0.080500 0.004000 0.179000 
156.000000 0.672000 0.065000 0.077500 0.006500 0.179000 
156.500000 0.667500 0.068500 0.079500 0.005000 0.179500 
157.000000 0.670500 0.065000 0.079000 0.005000 0.180500 
157.500000 0.673000 0.064500 0.079000 0.003500 0.180000 
158.000000 0.672500 0.065000 0.080000 0.002500 0.180000 
158.500000 0.665000 0.073500 0.079000 0.002000 0.180500 
159.000000 0.674000 0.065000 0.077000 0.003500 0.180500 
159.500000 0.675500 0.063500 0.076000 0.004500 0.180500 
160.000000 0.667000 0.072500 0.074500 0.005000 0.181000 
160.500000 0.671000 0.069000 0.075000 0.003500 0.181500 
161.000000 0.664500 0.075500 0.075000 0.004000 0.181000 
161.500000 0.661000 0.079000 0.076000 0.003000 0.181000 
162.000000 0.662500 0.077000 0.077000 0.002500 0.181000 
162.500000 0.659000 0.081500 0.074500 0.003500 0.181500 
163.000000 0.655000 0.085000 0.076000 0.003000 0.181000 
163.500000 0.659000 0.082500 0.074500 0.002500 0.181500 
164.000000 0.664500 0.076000 0.073500 0.004000 0.182000 
164.500000 0.668500 0.073500 0.073000 0.002500 0.182500 
165.000000 0.671000 0.071500 0.072500 0.002500 0.182500 
165.500000 0.670000 0.071500 0.072000 0.003500 0.183000 
166.000000 0.667500 0.075000 0.072000 0.004000 0.181500 
166.500000 0.668500 0.074000 0.071500 0.003000 0.183000 
167.000000 0.672500 0.070000 0.071500 0.002000 0.184000 
167.500000 0.667000 0.076000 0.071000 0.002500 0.183500 
168.000000 0.666000 0.077500 0.070000 0.002500 0.184000 
168.500000 0.668000 0.076000 0.071000 0.001500 0.183500 
169.000000 0.664500 0.080000 0.070000 0.002500 0.183000 
169.500000 0.661500 0.082000 0.071500 0.001500 0.183500 
170.000000 0.667500 0.076500 0.071000 0.001000 0.184000 
170.500000 0.665500 0.078000 0.071000 0.001500 0.184000 
171.000000 0.668000 0.075000 0.071500 0.001500 0.184000 
171.500000 0.673500 0.069000 0.070000 0.003000 0.184500 
172.000000 0.667000 0.075500 0.070000 0.003500 0.184000 
172.500000 0.673000 0.069000 0.072000 0.003500 0.182500 
173.000000 0.673500 0.070000 0.070000 0.003500 0.183000 
173.500000 0.673000 0.070500 0.070500 0.003000 0.183000 
174.000000 0.671500 0.071500 0.070000 0.004000 0.183000 
174.500000 0.667500 0.075500 0.070500 0.003500 0.183000 
175.000000 0.670000 0.072500 0.071000 0.003500 0.183000 
175.500000 0.668000 0.074500 0.070000 0.003500 0.184000 
176.000000 0.676000 0.066500 0.069000 0.003500 0.185000 
176.500000 0.674500 0.069000 0.069000 0.003000 0.184500 
177.000000 0.670500 0.074000 0.069500 0.002000 0.184000 
177.500000 0.667500 0.077000 0.068500 0.003500 0.183500 
178.000000 0.671500 0.072500 0.068500 0.003500 0.184000 
178.500000 0.672000 0.072500 0.067000 0.004000 0.184500 
179.000000 0.668000 0.076500 0.067000 0.004500 0.184000 
179.500000 0.668500 0.076000 0.069000 0.002000 0.184500 
180.000000 0.669500 0.074000 0.070500 0.002000 0.184000 
180.500000 0.670500 0.073000 0.067000 0.004500 0.185000 
181.000000 0.669500 0.073500 0.071000 0.002000 0.184000 
181.500000 0.675500 0.066500 0.070500 0.002500 0.185000 
182.000000 0.665000 0.077000 0.070000 0.003000 0.185000 
182.500000 0.670000 0.074000 0.067500 0.004000 0.184500 
183.000000 0.671000 0.073500 0.069000 0.003500 0.183000 
183.500000 0.665000 0.079500 0.069000 0.003500 0.183000 
184.000000 0.671000 0.073000 0.070500 0.003500 0.182000 
184.500000 0.670000 0.075000 0.068000 0.004500 0.182500 
185.000000 0.667500 0.076500 0.070500 0.002000 0.183500 
185.500000 0.670000 0.074500 0.068500 0.003500 0.183500 
186.000000 0.676000 0.068500 0.069000 0.003500 0.183000 
186.500000 0.671500 0.072500 0.070000 0.003500 0.182500 
187.000000 0.674500 0.069500 0.069000 0.004500 0.182500 
187.500000 0.669500 0.075000 0.070000 0.002500 0.183000 
188.000000 0.668000 0.075500 0.069000 0.005000 0.182500 
188.500000 0.667500 0.076500 0.070500 0.003500 0.182000 
189.000000 0.667500 0.077000 0.069500 0.004000 0.182000 
189.500000 0.667000 0.077500 0.070000 0.003500 0.182000 
190.000000 0.667500 0.077500 0.070000 0.004000 0.181000 
190.500000 0.670000 0.075000 0.068500 0.004500 0.182000 
191.000000 0.665500 0.078500 0.069000 0.006000 0.181000 
191.500000 0.666500 0.078500 0.070000 0.004000 0.181000 
192.000000 0.664000 0.080500 0.071000 0.003500 0.181000 
192.500000 0.673500 0.072500 0.070000 0.003000 0.181000 
193.000000 0.678500 0.067500 0.069000 0.004000 0.181000 
193.500000 0.668000 0.078000 0.069500 0.003500 0.181000 
194.000000 0.676500 0.069500 0.069500 0.003500 0.181000 
194.500000 0.673500 0.071500 0.070000 0.004500 0.180500 
195.000000 0.677000 0.069000 0.070000 0.004500 0.179500 
195.500000 0.672000 0.074000 0.070500 0.003500 0.180000 
196.000000 0.673500 0.072500 0.069500 0.004000 0.180500 
196.500000 0.680500 0.065500 0.068000 0.005000 0.181000 
197.000000 0.680500 0.065000 0.069000 0.004500 0.181000 
197.500000 0.685000 0.060500 0.070000 0.004000 0.180500 
198.000000 0.679000 0.065500 0.071000 0.003500 0.181000 
198.500000 0.684500 0.061500 0.069500 0.003500 0.181000 
199.000000 0.682500 0.062500 0.069000 0.004500 0.181500 
199.500000 0.678500 0.067000 0.068500 0.004000 0.182000 
200.000000 0.676000 0.070500 0.068500 0.003500 0.181500 
200.500000 0.679000 0.068000 0.066500 0.003500 0.183000 
201.000000 0.679000 0.068000 0.065500 0.005500 0.182000 
201.500000 0.681000 0.066000 0.065500 0.005000 0.182500 
202.000000 0.687000 0.061000 0.064500 0.005000 0.182500 
202.500000 0.681500 0.065500 0.065000 0.005500 0.182500 
203.000000 0.678000 0.068000 0.066500 0.005000 0.182500 
203.500000 0.672500 0.075000 0.066000 0.004000 0.182500 
204.000000 0.673500 0.074000 0.066000 0.004500 0.182000 
204.500000 0.677000 0.069000 0.065500 0.006000 0.182500 
205.000000 0.674000 0.072000 0.066000 0.005500 0.182500 
205.500000 0.678500 0.067000 0.066500 0.005000 0.183000 
206.000000 0.678000 0.068000 0.067500 0.003500 0.183000 
206.500000 0.680000 0.067500 0.064500 0.004500 0.183500 
207.000000 0.674500 0.073000 0.065500 0.003500 0.183500 
207.500000 0.677500 0.069000 0.066500 0.004000 0.183000 
208.000000 0.677500 0.070000 0.067000 0.003500 0.182000 
208.500000 0.687500 0.061000 0.067500 0.002500 0.181500 
209.000000 0.677500 0.070500 0.067500 0.003000 0.181500 
209.500000 0.676000 0.072500 0.067000 0.003000 0.181500 
210.000000 0.678500 0.070000 0.066500 0.003000 0.182000 
210.500000 0.682500 0.067000 0.066000 0.002000 0.182500 
211.000000 0.685500 0.063500 0.064500 0.004000 0.182500 
211.500000 0.686500 0.063500 0.063000 0.003500 0.183500 
212.000000 0.683000 0.065000 0.064500 0.004500 0.183000 
212.500000 0.684500 0.064000 0.065000 0.003500 0.183000 
213.000000 0.685500 0.063500 0.063500 0.005000 0.182500 
213.500000 0.682500 0.065500 0.064500 0.005000 0.182500 
214.000000 0.678500 0.070000 0.062500 0.005500 0.183500 
214.500000 0.678000 0.071000 0.063000 0.005000 0.183000 
215.000000 0.681000 0.067500 0.063500 0.005500 0.182500 
215.500000 0.682500 0.066500 0.063000 0.005500 0.182500 
216.000000 0.684500 0.063500 0.063000 0.006500 0.182500 
216.500000 0.676000 0.071500 0.064500 0.005500 0.182500 
217.000000 0.671000 0.076500 0.064000 0.005500 0.183000 
217.500000 0.670000 0.077500 0.063000 0.005000 0.184500 
218.000000 0.672000 0.077000 0.061500 0.005000 0.184500 
218.500000 0.674500 0.074500 0.064000 0.003000 0.184000 
219.000000 0.677000 0.072500 0.062500 0.003500 0.184500 
219.500000 0.676000 0.073500 0.063000 0.003000 0.184500 
220.000000 0.671500 0.077000 0.064000 0.003500 0.184000 
220.500000 0.674000 0.075500 0.062500 0.003000 0.185000 
221.000000 0.671000 0.079000 0.061500 0.004000 0.184500 
221.500000 0.673500 0.077000 0.061500 0.003000 0.185000 
222.000000 0.680500 0.069500 0.060500 0.003500 0.186000 
222.500000 0.674500 0.075000 0.062000 0.003000 0.185500 
223.000000 0.674500 0.075000 0.062000 0.003500 0.185000 
223.500000 0.679000 0.070500 0.060000 0.004000 0.186500 
224.000000 0.676000 0.074000 0.059000 0.004000 0.187000 
224.500000 0.676000 0.073000 0.059000 0.004000 0.188000 
225.000000 0.683000 0.066500 0.059000 0.004000 0.187500 
225.500000 0.686500 0.063500 0.059500 0.003500 0.187000 
226.000000 0.683000 0.067500 0.058500 0.003000 0.188000 
226.500000 0.682500 0.066500 0.058000 0.005000 0.188000 
227.000000 0.679500 0.071000 0.056000 0.005000 0.188500 
227.500000 0.680500 0.070500 0.055500 0.005000 0.188500 
228.000000 0.686500 0.065000 0.053500 0.006000 0.189000 
228.500000 0.680000 0.071000 0.055500 0.004500 0.189000 
229.000000 0.678000 0.073500 0.055500 0.005000 0.188000 
229.500000 0.678500 0.074000 0.055000 0.005000 0.187500 
230.000000 0.678000 0.074500 0.057500 0.003500 0.186500 
230.500000 0.678000 0.075500 0.055500 0.004500 0.186500 
231.000000 0.689000 0.065500 0.055000 0.002500 0.188000 
231.500000 0.681500 0.072000 0.055500 0.003000 0.188000 
232.000000 0.689500 0.064500 0.055500 0.003000 0.187500 
232.500000 0.692500 0.061000 0.057000 0.002000 0.187500 
233.000000 0.698500 0.056500 0.055000 0.002500 0.187500 
233.500000 0.692500 0.063000 0.054500 0.002500 0.187500 
234.000000 0.693500 0.062000 0.054500 0.003000 0.187000 
234.500000 0.685500 0.069500 0.054000 0.004000 0.187000 
235.000000 0.689000 0.067000 0.054500 0.003000 0.186500 
235.500000 0.689000 0.065500 0.054500 0.004000 0.187000 
236.000000 0.688500 0.067500 0.053000 0.004000 0.187000 
236.500000 0.696500 0.060500 0.052500 0.003000 0.187500 
237.000000 0.698000 0.059500 0.051500 0.004000 0.187000 
237.500000 0.687000 0.070000 0.053500 0.002500 0.187000 
238.000000 0.692500 0.064500 0.051500 0.003500 0.188000 
238.500000 0.694000 0.063000 0.052000 0.004000 0.187000 
239.000000 0.696000 0.059000 0.054000 0.003500 0.187500 
239.500000 0.695000 0.061500 0.052000 0.004000 0.187500 
240.000000 0.698500 0.058500 0.052000 0.003500 0.187500 
240.500000 0.695000 0.063500 0.049000 0.005500 0.187000 
241.000000 0.692000 0.067000 0.049500 0.004000 0.187500 
241.500000 0.690500 0.068500 0.049000 0.003500 0.188500 
242.000000 0.690000 0.068000 0.050500 0.003000 0.188500 
242.500000 0.686500 0.072500 0.052000 0.002000 0.187000 
243.000000 0.685500 0.073500 0.051000 0.002500 0.187500 
243.500000 0.685000 0.073500 0.050500 0.003500 0.187500 
244.000000 0.680000 0.077500 0.051000 0.004000 0.187500 
244.500000 0.679500 0.079000 0.052000 0.002000 0.187500 
245.000000 0.683000 0.076500 0.051000 0.003000 0.186500 
245.500000 0.681500 0.077000 0.051000 0.004000 0.186500 
246.000000 0.680000 0.079500 0.051500 0.003000 0.186000 
246.500000 0.679000 0.080000 0.051500 0.002000 0.187500 
247.000000 0.677000 0.082500 0.050500 0.003000 0.187000 
247.500000 0.678500 0.081000 0.050500 0.003000 0.187000 
248.000000 0.683000 0.076500 0.051000 0.002500 0.187000 
248.500000 0.686000 0.072500 0.052500 0.002000 0.187000 
249.000000 0.682500 0.076500 0.050000 0.002500 0.188500 
249.500000 0.683000 0.075000 0.051000 0.003000 0.188000 
250.000000 0.685000 0.073000 0.048500 0.004000 0.189500 
250.500000 0.684000 0.074000 0.049500 0.002500 0.190000 
251.000000 0.683500 0.074500 0.050500 0.002500 0.189000 
251.500000 0.693500 0.066000 0.050000 0.002000 0.188500 
252.000000 0.688000 0.070500 0.050500 0.002000 0.189000 
252.500000 0.693500 0.065000 0.048500 0.003000 0.190000 
253.000000 0.686500 0.071500 0.049000 0.004000 0.189000 
253.500000 0.683500 0.075000 0.049500 0.004000 0.188000 
254.000000 0.691500 0.067000 0.048000 0.005000 0.188500 
254.500000 0.683500 0.075000 0.049000 0.004500 0.188000 
255.000000 0.687500 0.071000 0.048500 0.004500 0.188500 
255.500000 0.681000 0.078000 0.047500 0.004500 0.189000 
256.000000 0.684500 0.072500 0.050000 0.004000 0.189000 
256.500000 0.678000 0.080000 0.049000 0.004000 0.189000 
257.000000 0.683000 0.075000 0.049500 0.004000 0.188500 
257.500000 0.679500 0.079500 0.048000 0.004000 0.189000 
258.000000 0.682000 0.077000 0.048500 0.003500 0.189000 
258.500000 0.690000 0.068000 0.048500 0.006000 0.187500 
259.000000 0.679500 0.077000 0.051000 0.004500 0.188000 
259.500000 0.678500 0.079000 0.049500 0.004500 0.188500 
260.000000 0.679500 0.078000 0.048000 0.005500 0.189000 
260.500000 0.683000 0.075000 0.048000 0.005000 0.189000 
261.000000 0.687500 0.070500 0.047500 0.005500 0.189000 
261.500000 0.684500 0.073500 0.049500 0.003500 0.189000 
262.000000 0.685500 0.073000 0.048500 0.004000 0.189000 
262.500000 0.685500 0.073500 0.049500 0.003500 0.188000 
263.000000 0.683500 0.073000 0.052500 0.002000 0.189000 
263.500000 0.679000 0.078500 0.050500 0.003000 0.189000 
264.000000 0.680000 0.077500 0.049500 0.003500 0.189500 
264.500000 0.682000 0.075000 0.050000 0.003500 0.189500 
265.000000 0.679000 0.078000 0.051000 0.003000 0.189000 
265.500000 0.671500 0.085500 0.049500 0.003500 0.190000 
266.000000 0.670500 0.087000 0.049500 0.002500 0.190500 
266.500000 0.672500 0.085500 0.046500 0.003500 0.192000 
267.000000 0.670500 0.087000 0.047000 0.004500 0.191000 
267.500000 0.674000 0.083000 0.047000 0.005000 0.191000 
268.000000 0.669500 0.087000 0.048000 0.005500 0.190000 
268.500000 0.672500 0.084500 0.048000 0.005000 0.190000 
269.000000 0.668500 0.089000 0.048500 0.003500 0.190500 
269.500000 0.671500 0.086000 0.047000 0.005000 0.190500 
270.000000 0.677500 0.080000 0.047500 0.004500 0.190500 
270.500000 0.678500 0.078500 0.047000 0.004500 0.191500 
271.000000 0.679500 0.078000 0.045500 0.005500 0.191500 
271.500000 0.680000 0.078000 0.047000 0.004000 0.191000 
272.000000 0.679500 0.078000 0.046500 0.004500 0.191500 
272.500000 0.674000 0.083500 0.047500 0.003500 0.191500 
273.000000 0.680500 0.077000 0.047500 0.004500 0.190500 
273.500000 0.688000 0.070500 0.047500 0.003500 0.190500 
274.000000 0.682000 0.076500 0.046500 0.003500 0.191500 
274.500000 0.684000 0.075500 0.047000 0.003000 0.190500 
275.000000 0.682000 0.076000 0.048500 0.003500 0.190000 
275.500000 0.680500 0.078000 0.047500 0.003500 0.190500 
276.000000 0.685500 0.074000 0.044500 0.004000 0.192000 
276.500000 0.678500 0.080500 0.046500 0.003500 0.191000 
277.000000 0.681000 0.077000 0.047000 0.004500 0.190500 
277.500000 0.680000 0.078500 0.046500 0.004000 0.191000 
278.000000 0.686500 0.071500 0.047000 0.004500 0.190500 
278.500000 0.691500 0.067000 0.046000 0.004500 0.191000 
279.000000 0.689500 0.069000 0.045500 0.004500 0.191500 
279.500000 0.694000 0.065000 0.046000 0.003000 0.192000 
280.000000 0.691000 0.067500 0.047000 0.003500 0.191000 
280.500000 0.691500 0.066000 0.046000 0.005000 0.191500 
281.000000 0.691500 0.067000 0.048000 0.002500 0.191000 
281.500000 0.691000 0.066000 0.046500 0.005000 0.191500 
282.000000 0.687500 0.069500 0.047000 0.004000 0.192000 
282.500000 0.685000 0.072000 0.047000 0.004500 0.191500 
283.000000 0.690500 0.067000 0.046500 0.004500 0.191500 
283.500000 0.684500 0.073500 0.046500 0.004000 0.191500 
284.000000 0.678500 0.082000 0.045500 0.002000 0.192000 
284.500000 0.674500 0.084000 0.047500 0.002000 0.192000 
285.000000 0.676500 0.082000 0.047500 0.002000 0.192000 
285.500000 0.678000 0.082000 0.047000 0.001500 0.191500 
286.000000 0.685000 0.074500 0.048000 0.001000 0.191500 
286.500000 0.688000 0.071000 0.047000 0.002500 0.191500 
287.000000 0.685500 0.074000 0.047500 0.001500 0.191500 
287.500000 0.682000 0.077000 0.046500 0.003000 0.191500 
288.000000 0.685000 0.074000 0.046500 0.003000 0.191500 
288.500000 0.687500 0.072500 0.045000 0.003500 0.191500 
289.000000 0.685000 0.075500 0.045000 0.003000 0.191500 
289.500000 0.681500 0.078500 0.046000 0.002500 0.191500 
290.000000 0.678000 0.082500 0.046000 0.002000 0.191500 
290.500000 0.686000 0.075000 0.044500 0.002000 0.192500 
291.000000 0.683500 0.077000 0.043500 0.003500 0.192500 
291.500000 0.686000 0.075000 0.044000 0.003500 0.191500 
292.000000 0.688500 0.072000 0.045500 0.002000 0.192000 
292.500000 0.688000 0.071500 0.045500 0.002000 0.193000 
293.000000 0.689000 0.071500 0.044500 0.001500 0.193500 
293.500000 0.690500 0.070000 0.044000 0.002500 0.193000 
294.000000 0.685000 0.075500 0.045500 0.001000 0.193000 
294.500000 0.683500 0.076500 0.046000 0.001500 0.192500 
295.000000 0.683500 0.076500 0.045000 0.002000 0.193000 
295.500000 0.687000 0.073000 0.046000 0.001500 0.192500 
296.000000 0.690500 0.068500 0.047500 0.001500 0.192000 
296.500000 0.685500 0.073500 0.046500 0.002000 0.192500 
297.000000 0.682500 0.076500 0.046500 0.002500 0.192000 
297.500000 0.682000 0.077000 0.045500 0.002500 0.193000 
298.000000 0.689000 0.070000 0.047500 0.001500 0.192000 
298.500000 0.687500 0.072000 0.045500 0.002500 0.192500 
299.000000 0.684500 0.075500 0.045500 0.002000 0.192500 
299.500000 0.688500 0.071500 0.046500 0.001500 0.192000 
300.000000 0.688500 0.071500 0.046000 0.002000 0.192000 
300.500000 0.687500 0.071000 0.048000 0.001500 0.192000 
301.000000 0.688500 0.069000 0.048000 0.002500 0.192000 
301.500000 0.694500 0.064000 0.047500 0.002000 0.192000 
302.000000 0.689500 0.068500 0.048000 0.001500 0.192500 
302.500000 0.693000 0.065000 0.047500 0.002000 0.192500 
303.000000 0.686500 0.071500 0.048500 0.001000 0.192500 
303.500000 0.680000 0.077500 0.047000 0.001500 0.194000 
304.000000 0.686000 0.071500 0.048000 0.001000 0.193500 
304.500000 0.682000 0.075500 0.047500 0.001000 0.194000 
305.000000 0.692000 0.065500 0.046000 0.003000 0.193500 
305.500000 0.685500 0.072000 0.047000 0.002000 0.193500 
306.000000 0.681000 0.075000 0.045500 0.003500 0.195000 
306.500000 0.690000 0.068000 0.045500 0.001500 0.195000 
307.000000 0.683000 0.075500 0.046000 0.001000 0.194500 
307.500000 0.678000 0.079500 0.047000 0.000500 0.195000 
308.000000 0.694500 0.062500 0.048000 0.001000 0.194000 
308.500000 0.693500 0.064000 0.048000 0.001500 0.193000 
309.000000 0.684500 0.072500 0.046500 0.002000 0.194500 
309.500000 0.686500 0.071000 0.045500 0.002500 0.194500 
310.000000 0.685500 0.071500 0.046000 0.002500 0.194500 
310.500000 0.686000 0.072000 0.046000 0.001500 0.194500 
311.000000 0.682500 0.075500 0.045000 0.003000 0.194000 
311.500000 0.683000 0.075000 0.046000 0.003000 0.193000 
312.000000 0.684500 0.073500 0.046500 0.002000 0.193500 
312.500000 0.689000 0.069000 0.046000 0.002000 0.194000 
313.000000 0.689500 0.069000 0.046500 0.000500 0.194500 
313.500000 0.686500 0.071500 0.045500 0.001000 0.195500 
314.000000 0.688000 0.070000 0.044500 0.002000 0.195500 
314.500000 0.691500 0.066000 0.043500 0.003000 0.196000 
315.000000 0.691000 0.065500 0.043500 0.003500 0.196500 
315.500000 0.694000 0.062500 0.044000 0.003500 0.196000 
316.000000 0.692500 0.064500 0.043500 0.003000 0.196500 
316.500000 0.694500 0.062500 0.043000 0.003000 0.197000 
317.000000 0.687000 0.068500 0.043500 0.005000 0.196000 
317.500000 0.686000 0.071000 0.044000 0.003000 0.196000 
318.000000 0.680000 0.076000 0.043500 0.004500 0.196000 
318.500000 0.679500 0.078000 0.044000 0.002500 0.196000 
319.000000 0.690000 0.068000 0.044000 0.002000 0.196000 
319.500000 0.690500 0.066500 0.044000 0.003000 0.196000 
320.000000 0.682500 0.075500 0.043000 0.003000 0.196000 
320.500000 0.685000 0.073500 0.043000 0.002500 0.196000 
321.000000 0.681500 0.077000 0.043000 0.002000 0.196500 
321.500000 0.690000 0.067500 0.044000 0.003000 0.195500 
322.000000 0.693000 0.065000 0.044000 0.002500 0.195500 
322.500000 0.685500 0.072000 0.044000 0.002500 0.196000 
323.000000 0.687500 0.070500 0.042500 0.003000 0.196500 
323.500000 0.690500 0.067500 0.042500 0.004000 0.195500 
324.000000 0.693000 0.065000 0.043500 0.004000 0.194500 
324.500000 0.687500 0.071000 0.043500 0.003500 0.194500 
325.000000 0.684500 0.072500 0.044000 0.004000 0.195000 
325.500000 0.683500 0.075000 0.043500 0.003000 0.195000 
326.000000 0.688500 0.069500 0.042500 0.004000 0.195500 
326.500000 0.690000 0.068000 0.043000 0.003500 0.195500 
327.000000 0.684000 0.073500 0.043000 0.004000 0.195500 
327.500000 0.678000 0.080000 0.042000 0.003500 0.196500 
328.000000 0.687000 0.072500 0.042500 0.003000 0.195000 
328.500000 0.683000 0.076500 0.040500 0.004000 0.196000 
329.000000 0.680500 0.079000 0.041000 0.004000 0.195500 
329.500000 0.681000 0.078000 0.042000 0.004000 0.195000 
330.000000 0.683000 0.076000 0.042500 0.003500 0.195000 
330.500000 0.678000 0.080500 0.042500 0.004500 0.194500 
331.000000 0.685000 0.073500 0.043000 0.003500 0.195000 
331.500000 0.683500 0.074000 0.045000 0.002500 0.195000 
332.000000 0.683000 0.075500 0.044500 0.002000 0.195000 
332.500000 0.681000 0.077000 0.044500 0.003000 0.194500 
333.000000 0.680000 0.079000 0.045000 0.002000 0.194000 
333.500000 0.685000 0.073000 0.044500 0.002500 0.195000 
334.000000 0.681500 0.078000 0.044000 0.001500 0.195000 
334.500000 0.690000 0.069000 0.044500 0.002000 0.194500 
335.000000 0.692000 0.067000 0.045000 0.002000 0.194000 
335.500000 0.688000 0.071500 0.044000 0.002500 0.194000 
336.000000 0.696000 0.063000 0.045000 0.002000 0.194000 
336.500000 0.690000 0.068000 0.045500 0.002500 0.194000 
337.000000 0.686500 0.071000 0.046500 0.002000 0.194000 
337.500000 0.694000 0.064500 0.045000 0.002000 0.194500 
338.000000 0.693000 0.064500 0.046500 0.001000 0.195000 
338.500000 0.695500 0.062500 0.043500 0.004000 0.194500 
339.000000 0.688000 0.071500 0.043500 0.002500 0.194500 
339.500000 0.690000 0.069000 0.044000 0.003000 0.194000 
340.000000 0.685500 0.074500 0.042000 0.003500 0.194500 
340.500000 0.680500 0.079500 0.042000 0.003000 0.195000 
341.000000 0.683500 0.077000 0.042000 0.003000 0.194500 
341.500000 0.683500 0.076000 0.043000 0.003000 0.194500 
342.000000 0.688000 0.071500 0.041500 0.004000 0.195000 
342.500000 0.685000 0.074000 0.041000 0.005000 0.195000 
343.000000 0.681000 0.078000 0.041500 0.004000 0.195500 
343.500000 0.684500 0.075000 0.042000 0.003000 0.195500 
344.000000 0.687500 0.072500 0.041500 0.003000 0.195500 
344.500000 0.686000 0.073500 0.042000 0.002500 0.196000 
345.000000 0.679500 0.081000 0.041000 0.001500 0.197000 
345.500000 0.676500 0.083500 0.041000 0.003000 0.196000 
346.000000 0.676500 0.084000 0.041000 0.002500 0.196000 
346.500000 0.676500 0.083500 0.040500 0.004000 0.195500 
347.000000 0.682000 0.077500 0.040500 0.003500 0.196500 
347.500000 0.686500 0.073500 0.040500 0.002500 0.197000 
348.000000 0.688000 0.071500 0.040500 0.003000 0.197000 
348.500000 0.692000 0.068500 0.040500 0.002500 0.196500 
349.000000 0.687000 0.073500 0.041500 0.001500 0.196500 
349.500000 0.688500 0.071500 0.043500 0.001000 0.195500 
350.000000 0.687000 0.073500 0.042000 0.002000 0.195500 
350.500000 0.686500 0.073000 0.043500 0.001500 0.195500 
351.000000 0.688000 0.072500 0.042000 0.001500 0.196000 
351.500000 0.682000 0.078000 0.042000 0.002000 0.196000 
352.000000 0.684000 0.075500 0.042000 0.003000 0.195500 
