0.000000 0.472989 0.086435 0.264706 0.168667 0.007203 
0.500000 0.463986 0.094238 0.263505 0.171068 0.007203 
1.000000 0.466387 0.091236 0.264106 0.171068 0.007203 
1.500000 0.466987 0.093037 0.261104 0.171068 0.007803 
2.000000 0.459184 0.101441 0.255702 0.175870 0.007803 
2.500000 0.459184 0.103241 0.263505 0.166267 0.007803 
3.000000 0.461585 0.101441 0.259304 0.169268 0.008403 
3.500000 0.463385 0.098439 0.257503 0.172269 0.008403 
4.000000 0.454382 0.105042 0.259304 0.172869 0.008403 
4.500000 0.459184 0.099040 0.253301 0.179472 0.009004 
5.000000 0.461585 0.097839 0.245498 0.186074 0.009004 
5.500000 0.460384 0.099040 0.245498 0.186074 0.009004 
6.000000 0.463385 0.094838 0.253902 0.178872 0.009004 
6.500000 0.460984 0.097239 0.259304 0.173469 0.009004 
7.000000 0.459184 0.099640 0.266507 0.165666 0.009004 
7.500000 0.458583 0.102041 0.258703 0.171669 0.009004 
8.000000 0.457383 0.102641 0.252701 0.177071 0.010204 
8.500000 0.463986 0.094838 0.253902 0.176471 0.010804 
9.000000 0.456783 0.102041 0.249100 0.180672 0.011405 
9.500000 0.445978 0.113445 0.250900 0.178271 0.011405 
10.000000 0.451381 0.108043 0.257503 0.171669 0.011405 
10.500000 0.445978 0.111044 0.252101 0.178872 0.012005 
11.000000 0.438776 0.118848 0.249100 0.180672 0.012605 
11.500000 0.448379 0.108643 0.256303 0.174070 0.012605 
12.000000 0.451981 0.108643 0.252101 0.174670 0.012605 
12.500000 0.445978 0.114646 0.251501 0.174670 0.013205 
13.000000 0.448980 0.111044 0.251501 0.175270 0.013205 
13.500000 0.448379 0.114046 0.254502 0.169268 0.013806 
14.000000 0.450780 0.112245 0.253301 0.169268 0.014406 
14.500000 0.441176 0.120648 0.263505 0.160264 0.014406 
15.000000 0.442377 0.120048 0.256903 0.165666 0.015006 
15.500000 0.440576 0.122449 0.257503 0.164466 0.015006 
16.000000 0.445378 0.118247 0.259304 0.162065 0.015006 
16.500000 0.441777 0.123049 0.254502 0.165666 0.015006 
17.000000 0.441176 0.123049 0.262305 0.158463 0.015006 
17.500000 0.443577 0.122449 0.274910 0.144658 0.014406 
18.000000 0.436975 0.130252 0.270708 0.146459 0.015606 
18.500000 0.447779 0.122449 0.269508 0.145258 0.015006 
19.000000 0.439376 0.132653 0.263505 0.147059 0.017407 
19.500000 0.441777 0.132053 0.266507 0.141657 0.018007 
20.000000 0.451381 0.125450 0.267707 0.136855 0.018607 
20.500000 0.448980 0.128451 0.269508 0.133253 0.019808 
21.000000 0.448980 0.132053 0.265306 0.133854 0.019808 
21.500000 0.453782 0.130252 0.273709 0.122449 0.019808 
22.000000 0.457983 0.127251 0.270708 0.123049 0.021008 
22.500000 0.451981 0.134454 0.267107 0.124850 0.021609 
23.000000 0.451981 0.135054 0.268307 0.123049 0.021609 
23.500000 0.456182 0.132053 0.264106 0.124250 0.023409 
24.000000 0.462785 0.128451 0.264706 0.119448 0.024610 
24.500000 0.466387 0.124850 0.264106 0.119448 0.025210 
25.000000 0.463385 0.131453 0.259304 0.118247 0.027611 
25.500000 0.467587 0.129052 0.259304 0.115246 0.028812 
26.000000 0.471789 0.126050 0.265306 0.105642 0.031212 
26.500000 0.467587 0.130852 0.264706 0.106843 0.030012 
27.000000 0.471789 0.129052 0.264106 0.102641 0.032413 
27.500000 0.479592 0.121248 0.268908 0.096639 0.033613 
28.000000 0.479592 0.124250 0.262905 0.097839 0.035414 
28.500000 0.477191 0.129052 0.265906 0.092437 0.035414 
29.000000 0.488595 0.118247 0.261104 0.096038 0.036014 
29.500000 0.483794 0.123049 0.265906 0.091236 0.036014 
30.000000 0.481393 0.129652 0.259904 0.091236 0.037815 
30.500000 0.497599 0.114046 0.261705 0.088836 0.037815 
31.000000 0.489796 0.123649 0.262305 0.085834 0.038415 
31.500000 0.492197 0.123649 0.265306 0.079832 0.039016 
32.000000 0.495198 0.120048 0.268307 0.077431 0.039016 
32.500000 0.500600 0.114646 0.270108 0.075630 0.039016 
33.000000 0.502401 0.114046 0.271909 0.070228 0.041417 
33.500000 0.510204 0.105642 0.266507 0.075030 0.042617 
34.000000 0.506002 0.109844 0.266507 0.073830 0.043818 
34.500000 0.517407 0.102041 0.262905 0.073830 0.043818 
35.000000 0.515006 0.105042 0.264706 0.070828 0.044418 
35.500000 0.515006 0.106843 0.264106 0.069028 0.045018 
36.000000 0.525210 0.099640 0.262905 0.067227 0.045018 
36.500000 0.518007 0.107443 0.261705 0.066026 0.046819 
37.000000 0.527011 0.098439 0.262305 0.065426 0.046819 
37.500000 0.530612 0.099040 0.261705 0.061825 0.046819 
38.000000 0.534814 0.094238 0.258103 0.065426 0.047419 
38.500000 0.533613 0.099040 0.256903 0.063025 0.047419 
39.000000 0.536615 0.097239 0.256903 0.060624 0.048619 
39.500000 0.541417 0.092437 0.255102 0.062425 0.048619 
40.000000 0.544418 0.091236 0.257503 0.057623 0.049220 
40.500000 0.539616 0.095438 0.252101 0.061825 0.051020 
41.000000 0.537215 0.097239 0.255702 0.058824 0.051020 
41.500000 0.546218 0.089436 0.256903 0.056423 0.051020 
42.000000 0.540816 0.096639 0.255702 0.055822 0.051020 
42.500000 0.540216 0.098439 0.254502 0.055222 0.051621 
43.000000 0.552821 0.086435 0.252101 0.055822 0.052821 
43.500000 0.555822 0.084034 0.255702 0.050420 0.054022 
44.000000 0.556423 0.083433 0.258103 0.048019 0.054022 
44.500000 0.557023 0.084634 0.260504 0.043217 0.054622 
45.000000 0.563625 0.078631 0.259304 0.042017 0.056423 
45.500000 0.556423 0.085234 0.256903 0.043818 0.057623 
46.000000 0.562425 0.081633 0.257503 0.040216 0.058223 
46.500000 0.557023 0.087035 0.256903 0.040216 0.058824 
47.000000 0.567827 0.076230 0.255702 0.040816 0.059424 
47.500000 0.563025 0.080432 0.252701 0.043217 0.060624 
48.000000 0.563025 0.081633 0.253902 0.040816 0.060624 
48.500000 0.564826 0.079832 0.253902 0.039616 0.061825 
49.000000 0.567227 0.079232 0.250300 0.040216 0.063025 
49.500000 0.569028 0.076831 0.253902 0.037215 0.063025 
50.000000 0.570228 0.078031 0.247899 0.040216 0.063625 
50.500000 0.567827 0.081032 0.247299 0.039616 0.064226 
51.000000 0.571429 0.078631 0.249100 0.034814 0.066026 
51.500000 0.570828 0.077431 0.249100 0.036014 0.066627 
52.000000 0.570228 0.081032 0.246098 0.036615 0.066026 
52.500000 0.581032 0.070228 0.246699 0.035414 0.066627 
53.000000 0.573229 0.078631 0.245498 0.035414 0.067227 
53.500000 0.577431 0.072629 0.248499 0.033613 0.067827 
54.000000 0.579232 0.072029 0.244898 0.035414 0.068427 
54.500000 0.575030 0.075030 0.244298 0.036014 0.069628 
55.000000 0.578031 0.073229 0.246098 0.033613 0.069028 
55.500000 0.570228 0.081032 0.244298 0.034814 0.069628 
56.000000 0.575030 0.077431 0.245498 0.032413 0.069628 
56.500000 0.573229 0.078631 0.243697 0.034814 0.069628 
57.000000 0.578031 0.074430 0.245498 0.032413 0.069628 
57.500000 0.582233 0.072029 0.242497 0.033613 0.069628 
58.000000 0.583433 0.070828 0.242497 0.033613 0.069628 
58.500000 0.584034 0.070828 0.241297 0.033013 0.070828 
59.000000 0.582833 0.073229 0.242497 0.031212 0.070228 
59.500000 0.584634 0.072629 0.242497 0.030012 0.070228 
60.000000 0.584634 0.072629 0.242497 0.029412 0.070828 
60.500000 0.588235 0.071429 0.239496 0.028211 0.072629 
61.000000 0.588235 0.071429 0.242497 0.025810 0.072029 
61.500000 0.590636 0.068427 0.241897 0.025810 0.073229 
62.000000 0.590036 0.071429 0.238295 0.027611 0.072629 
62.500000 0.591837 0.069628 0.239496 0.025810 0.073229 
63.000000 0.596639 0.066627 0.238295 0.024610 0.073830 
63.500000 0.597839 0.065426 0.237695 0.025210 0.073830 
64.000000 0.602041 0.060624 0.235294 0.027611 0.074430 
64.500000 0.605642 0.058824 0.235294 0.025810 0.074430 
65.000000 0.599040 0.064226 0.234094 0.027011 0.075630 
65.500000 0.596639 0.066627 0.235294 0.025810 0.075630 
66.000000 0.600240 0.063625 0.235894 0.024610 0.075630 
66.500000 0.600240 0.063025 0.234694 0.025810 0.076230 
67.000000 0.599640 0.063625 0.237695 0.022809 0.076230 
67.500000 0.606242 0.057023 0.237095 0.022209 0.077431 
68.000000 0.596639 0.067227 0.232893 0.026411 0.076831 
68.500000 0.604442 0.061825 0.232893 0.022809 0.078031 
69.000000 0.610444 0.056423 0.230492 0.025210 0.077431 
69.500000 0.608043 0.057023 0.232893 0.025210 0.076831 
70.000000 0.606242 0.059424 0.232893 0.024010 0.077431 
70.500000 0.601441 0.064226 0.233493 0.022809 0.078031 
71.000000 0.603842 0.061224 0.233493 0.023409 0.078031 
71.500000 0.609844 0.056423 0.231092 0.022809 0.079832 
72.000000 0.607443 0.057623 0.232293 0.023409 0.079232 
72.500000 0.608643 0.057623 0.232893 0.021609 0.079232 
73.000000 0.607443 0.058223 0.233493 0.021008 0.079832 
73.500000 0.605042 0.059424 0.232293 0.022809 0.080432 
74.000000 0.605642 0.060024 0.229292 0.024610 0.080432 
74.500000 0.608043 0.059424 0.225090 0.026411 0.081032 
75.000000 0.602041 0.064226 0.230492 0.022209 0.081032 
75.500000 0.596038 0.070828 0.228691 0.024010 0.080432 
76.000000 0.591837 0.076831 0.225690 0.024610 0.081032 
76.500000 0.603842 0.066026 0.225690 0.023409 0.081032 
77.000000 0.606242 0.061224 0.226891 0.024610 0.081032 
77.500000 0.600840 0.066627 0.229892 0.021609 0.081032 
78.000000 0.606242 0.063025 0.228691 0.021609 0.080432 
78.500000 0.606242 0.063625 0.227491 0.021609 0.081032 
79.000000 0.608043 0.062425 0.225090 0.022809 0.081633 
79.500000 0.606242 0.063025 0.226891 0.022209 0.081633 
80.000000 0.611645 0.058223 0.225690 0.022809 0.081633 
80.500000 0.615246 0.054622 0.221489 0.027011 0.081633 
81.000000 0.610444 0.058824 0.219688 0.028812 0.082233 
81.500000 0.616447 0.052821 0.217887 0.030612 0.082233 
82.000000 0.612845 0.057623 0.219688 0.027611 0.082233 
82.500000 0.609244 0.060024 0.215486 0.033013 0.082233 
83.000000 0.612245 0.057023 0.217887 0.030612 0.082233 
83.500000 0.614046 0.057023 0.217887 0.028812 0.082233 
84.000000 0.612245 0.057023 0.217287 0.031212 0.082233 
84.500000 0.611645 0.058223 0.214886 0.033013 0.082233 
85.000000 0.614646 0.055222 0.214286 0.033613 0.082233 
85.500000 0.615246 0.056423 0.216086 0.030612 0.081633 
86.000000 0.608043 0.064226 0.213085 0.032413 0.082233 
86.500000 0.614646 0.058223 0.209484 0.035414 0.082233 
87.000000 0.606242 0.064226 0.211885 0.034814 0.082833 
87.500000 0.605642 0.065426 0.211285 0.035414 0.082233 
88.000000 0.606242 0.064226 0.211285 0.035414 0.082833 
88.500000 0.608043 0.062425 0.208283 0.038415 0.082833 
89.000000 0.605042 0.064826 0.211285 0.036014 0.082833 
89.500000 0.603842 0.066627 0.211885 0.035414 0.082233 
90.000000 0.601441 0.069028 0.208283 0.039016 0.082233 
90.500000 0.604442 0.066026 0.208283 0.039016 0.082233 
91.000000 0.607443 0.062425 0.209484 0.038415 0.082233 
91.500000 0.613445 0.055822 0.207083 0.040816 0.082833 
92.000000 0.608643 0.060624 0.207683 0.040816 0.082233 
92.500000 0.599040 0.069628 0.209484 0.040216 0.081633 
93.000000 0.596639 0.073830 0.208884 0.039016 0.081633 
93.500000 0.598439 0.071429 0.208283 0.040216 0.081633 
94.000000 0.605642 0.063625 0.203481 0.045618 0.081633 
94.500000 0.600240 0.068427 0.196279 0.053421 0.081633 
95.000000 0.597839 0.070828 0.199880 0.049820 0.081633 
95.500000 0.594238 0.072629 0.197479 0.054022 0.081633 
96.000000 0.593637 0.073830 0.195678 0.054622 0.082233 
96.500000 0.590036 0.076831 0.195678 0.055222 0.082233 
97.000000 0.592437 0.073830 0.195678 0.055822 0.082233 
97.500000 0.592437 0.073229 0.193277 0.058824 0.082233 
98.000000 0.593637 0.070828 0.189076 0.064826 0.081633 
98.500000 0.591837 0.073229 0.192077 0.060624 0.082233 
99.000000 0.578031 0.086435 0.189076 0.064826 0.081633 
99.500000 0.585234 0.078031 0.187875 0.067227 0.081633 
100.000000 0.579832 0.084034 0.190276 0.064826 0.081032 
100.500000 0.575630 0.086435 0.189076 0.067227 0.081633 
101.000000 0.572029 0.090036 0.186675 0.069628 0.081633 
101.500000 0.572629 0.089436 0.185474 0.070828 0.081633 
102.000000 0.571429 0.090036 0.181273 0.076230 0.081032 
102.500000 0.567227 0.093637 0.182473 0.075630 0.081032 
103.000000 0.569028 0.092437 0.181873 0.075630 0.081032 
103.500000 0.564226 0.094238 0.181873 0.078631 0.081032 
104.000000 0.557023 0.100240 0.178271 0.082833 0.081633 
104.500000 0.551020 0.105642 0.178872 0.082833 0.081633 
105.000000 0.551020 0.105642 0.172869 0.089436 0.081032 
105.500000 0.552821 0.102041 0.168667 0.094838 0.081633 
106.000000 0.554622 0.101441 0.163265 0.099040 0.081633 
106.500000 0.537815 0.118247 0.160264 0.102041 0.081633 
107.000000 0.545018 0.111044 0.152461 0.109844 0.081633 
107.500000 0.534814 0.120648 0.151261 0.111645 0.081633 
108.000000 0.542017 0.111645 0.141657 0.123649 0.081032 
108.500000 0.533613 0.120048 0.141657 0.123649 0.081032 
109.000000 0.532413 0.121248 0.144058 0.121849 0.080432 
109.500000 0.509004 0.142257 0.139256 0.129052 0.080432 
110.000000 0.509604 0.138655 0.139256 0.133253 0.079232 
110.500000 0.503001 0.142857 0.131453 0.143457 0.079232 
111.000000 0.506002 0.138055 0.139856 0.136855 0.079232 
111.500000 0.495798 0.147059 0.133854 0.144058 0.079232 
112.000000 0.492197 0.148259 0.130252 0.150660 0.078631 
112.500000 0.484994 0.154262 0.132053 0.151261 0.077431 
113.000000 0.484994 0.152461 0.132653 0.151261 0.078631 
113.500000 0.481993 0.154262 0.141056 0.144058 0.078631 
114.000000 0.478391 0.156663 0.138055 0.148860 0.078031 
114.500000 0.483794 0.148259 0.135054 0.155462 0.077431 
115.000000 0.460984 0.171068 0.144658 0.147059 0.076230 
115.500000 0.458583 0.173469 0.145858 0.145258 0.076831 
116.000000 0.459784 0.171669 0.142857 0.150060 0.075630 
116.500000 0.462785 0.168667 0.140456 0.152461 0.075630 
117.000000 0.466987 0.165066 0.147659 0.145258 0.075030 
117.500000 0.459184 0.169868 0.148860 0.147659 0.074430 
118.000000 0.459784 0.169268 0.151261 0.144658 0.075030 
118.500000 0.459784 0.169268 0.154862 0.142257 0.073830 
119.000000 0.451381 0.177671 0.155462 0.141657 0.073830 
119.500000 0.447779 0.178271 0.159064 0.140456 0.074430 
120.000000 0.449580 0.178271 0.158463 0.139256 0.074430 
120.500000 0.441176 0.186074 0.165066 0.134454 0.073229 
121.000000 0.439376 0.184874 0.168067 0.133253 0.074430 
121.500000 0.448980 0.178872 0.163265 0.132053 0.076831 
122.000000 0.453181 0.175870 0.162065 0.130852 0.078031 
122.500000 0.457383 0.173469 0.163265 0.127851 0.078031 
123.000000 0.451981 0.179472 0.162065 0.126651 0.079832 
123.500000 0.453782 0.180672 0.166267 0.118848 0.080432 
124.000000 0.455582 0.178872 0.165066 0.120048 0.080432 
124.500000 0.460984 0.174670 0.168667 0.115846 0.079832 
125.000000 0.468187 0.168667 0.170468 0.111645 0.081032 
125.500000 0.472389 0.163265 0.172269 0.111044 0.081032 
126.000000 0.465186 0.172269 0.172269 0.109244 0.081032 
126.500000 0.467587 0.172269 0.171068 0.107443 0.081633 
127.000000 0.470588 0.168667 0.173469 0.106242 0.081032 
127.500000 0.471789 0.169868 0.176471 0.099040 0.082833 
128.000000 0.473589 0.168067 0.177071 0.099040 0.082233 
128.500000 0.485594 0.154862 0.180072 0.096038 0.083433 
129.000000 0.483794 0.159064 0.183673 0.090636 0.082833 
129.500000 0.492797 0.150660 0.181273 0.091837 0.083433 
130.000000 0.493397 0.153061 0.180672 0.087635 0.085234 
130.500000 0.498199 0.150660 0.184274 0.081032 0.085834 
131.000000 0.495198 0.153061 0.184874 0.082233 0.084634 
131.500000 0.503001 0.146459 0.187275 0.076831 0.086435 
132.000000 0.500600 0.150660 0.187275 0.074430 0.087035 
132.500000 0.502401 0.147059 0.185474 0.079232 0.085834 
133.000000 0.515606 0.136855 0.185474 0.074430 0.087635 
133.500000 0.519808 0.132053 0.187275 0.073229 0.087635 
134.000000 0.519208 0.134454 0.190876 0.066026 0.089436 
134.500000 0.514406 0.139256 0.189076 0.066627 0.090636 
135.000000 0.522209 0.132053 0.192077 0.061825 0.091837 
135.500000 0.528211 0.127251 0.191477 0.061224 0.091837 
136.000000 0.528812 0.128451 0.189076 0.060024 0.093637 
136.500000 0.537815 0.121248 0.187875 0.059424 0.093637 
137.000000 0.533013 0.126050 0.190276 0.057023 0.093637 
137.500000 0.528211 0.129652 0.191477 0.056423 0.094238 
138.000000 0.527611 0.132053 0.193277 0.052821 0.094238 
138.500000 0.540216 0.119448 0.192677 0.053421 0.094238 
139.000000 0.541417 0.117047 0.195678 0.051621 0.094238 
139.500000 0.539016 0.123649 0.193277 0.049820 0.094238 
140.000000 0.541417 0.120648 0.192077 0.051020 0.094838 
140.500000 0.540816 0.120648 0.196279 0.045018 0.097239 
141.000000 0.546819 0.117047 0.194478 0.045018 0.096639 
141.500000 0.551020 0.114046 0.193878 0.044418 0.096639 
142.000000 0.546819 0.118247 0.191477 0.046819 0.096639 
142.500000 0.549820 0.117047 0.190876 0.045018 0.097239 
143.000000 0.553421 0.113445 0.189676 0.046218 0.097239 
143.500000 0.554622 0.112845 0.190876 0.042617 0.099040 
144.000000 0.558824 0.109244 0.190276 0.042617 0.099040 
144.500000 0.566026 0.106242 0.189076 0.040216 0.098439 
145.000000 0.573830 0.096038 0.189676 0.040816 0.099640 
145.500000 0.564826 0.106242 0.186675 0.041417 0.100840 
146.000000 0.565426 0.105642 0.188475 0.039616 0.100840 
146.500000 0.569028 0.102641 0.186675 0.039616 0.102041 
147.000000 0.570228 0.101441 0.186675 0.040216 0.101441 
147.500000 0.569628 0.102641 0.186074 0.040216 0.101441 
148.000000 0.571429 0.102041 0.186074 0.038415 0.102041 
148.500000 0.572629 0.102041 0.184274 0.038415 0.102641 
149.000000 0.570828 0.105042 0.177671 0.042017 0.104442 
149.500000 0.576831 0.099640 0.180672 0.037815 0.105042 
150.000000 0.582233 0.093637 0.181873 0.037215 0.105042 
150.500000 0.584634 0.092437 0.182473 0.036014 0.104442 
151.000000 0.589436 0.087635 0.180072 0.037215 0.105642 
151.500000 0.587035 0.090036 0.181873 0.035414 0.105642 
152.000000 0.589436 0.088836 0.182473 0.033613 0.105642 
152.500000 0.591236 0.085834 0.181273 0.035414 0.106242 
153.000000 0.584634 0.092437 0.180672 0.035414 0.106843 
153.500000 0.590636 0.085834 0.178271 0.037815 0.107443 
154.000000 0.594838 0.083433 0.178271 0.035414 0.108043 
154.500000 0.599040 0.078631 0.181873 0.031813 0.108643 
155.000000 0.597239 0.081032 0.180072 0.032413 0.109244 
155.500000 0.591837 0.087635 0.178271 0.033013 0.109244 
156.000000 0.589436 0.090636 0.178872 0.032413 0.108643 
156.500000 0.596038 0.085834 0.177671 0.031813 0.108643 
157.000000 0.591236 0.087635 0.179472 0.030612 0.111044 
157.500000 0.599040 0.079232 0.181873 0.030012 0.109844 
158.000000 0.599640 0.080432 0.180072 0.028211 0.111645 
158.500000 0.600240 0.080432 0.177671 0.029412 0.112245 
159.000000 0.600240 0.081032 0.178271 0.028211 0.112245 
159.500000 0.601441 0.080432 0.176471 0.029412 0.112245 
160.000000 0.596038 0.085234 0.178872 0.027611 0.112245 
160.500000 0.602041 0.079832 0.179472 0.026411 0.112245 
161.000000 0.605042 0.075630 0.178872 0.027611 0.112845 
161.500000 0.600240 0.081032 0.178872 0.026411 0.113445 
162.000000 0.596038 0.086435 0.180072 0.024010 0.113445 
162.500000 0.599040 0.084034 0.180072 0.023409 0.113445 
163.000000 0.603842 0.078631 0.180072 0.022809 0.114646 
163.500000 0.599640 0.082833 0.180672 0.022209 0.114646 
164.000000 0.603842 0.077431 0.178872 0.025210 0.114646 
164.500000 0.602041 0.079232 0.180672 0.022809 0.115246 
165.000000 0.606843 0.076230 0.181273 0.021008 0.114646 
165.500000 0.604442 0.078631 0.180072 0.022209 0.114646 
166.000000 0.606242 0.078031 0.177671 0.023409 0.114646 
166.500000 0.609844 0.072629 0.181873 0.020408 0.115246 
167.000000 0.605642 0.076831 0.180072 0.021609 0.115846 
167.500000 0.611044 0.070228 0.182473 0.019208 0.117047 
168.000000 0.608043 0.075030 0.179472 0.021008 0.116447 
168.500000 0.606843 0.076230 0.180672 0.019208 0.117047 
169.000000 0.605042 0.079232 0.176471 0.021609 0.117647 
169.500000 0.605642 0.081032 0.175870 0.019208 0.118247 
170.000000 0.609244 0.076831 0.175270 0.021008 0.117647 
170.500000 0.608043 0.078631 0.174670 0.021008 0.117647 
171.000000 0.609244 0.077431 0.174670 0.020408 0.118247 
171.500000 0.617047 0.069628 0.174670 0.019808 0.118848 
172.000000 0.618848 0.067227 0.174670 0.019808 0.119448 
172.500000 0.611044 0.078031 0.172269 0.019208 0.119448 
173.000000 0.617647 0.072029 0.175870 0.015006 0.119448 
173.500000 0.618848 0.071429 0.174670 0.014406 0.120648 
174.000000 0.626050 0.063025 0.175270 0.015606 0.120048 
174.500000 0.617047 0.072029 0.177071 0.014406 0.119448 
175.000000 0.612845 0.075630 0.175870 0.016206 0.119448 
175.500000 0.611645 0.076831 0.174070 0.016807 0.120648 
176.000000 0.614646 0.075030 0.171669 0.016807 0.121849 
176.500000 0.618247 0.070828 0.171068 0.018607 0.121248 
177.000000 0.621849 0.068427 0.171669 0.016206 0.121849 
177.500000 0.622449 0.069028 0.169268 0.018007 0.121248 
178.000000 0.623649 0.066627 0.171068 0.017407 0.121248 
178.500000 0.623049 0.067227 0.172269 0.016206 0.121248 
179.000000 0.616447 0.073830 0.169268 0.018607 0.121849 
179.500000 0.613445 0.076831 0.169868 0.019208 0.120648 
180.000000 0.614646 0.075630 0.172869 0.016206 0.120648 
180.500000 0.621248 0.069628 0.172269 0.016206 0.120648 
181.000000 0.614646 0.075630 0.172869 0.016206 0.120648 
181.500000 0.620648 0.070228 0.169868 0.018007 0.121248 
182.000000 0.618247 0.072029 0.168667 0.019808 0.121248 
182.500000 0.612845 0.078031 0.170468 0.017407 0.121248 
183.000000 0.611044 0.079832 0.169868 0.018007 0.121248 
183.500000 0.618247 0.072629 0.169268 0.018007 0.121849 
184.000000 0.613445 0.076831 0.168067 0.018607 0.123049 
184.500000 0.610444 0.079832 0.166267 0.020408 0.123049 
185.000000 0.613445 0.076831 0.168067 0.019208 0.122449 
185.500000 0.608043 0.082233 0.163265 0.022809 0.123649 
186.000000 0.604442 0.085234 0.169268 0.018007 0.123049 
186.500000 0.617047 0.072629 0.167467 0.019808 0.123049 
187.000000 0.609244 0.080432 0.166267 0.021008 0.123049 
187.500000 0.609844 0.079832 0.168067 0.019208 0.123049 
188.000000 0.609244 0.081032 0.164466 0.022209 0.123049 
188.500000 0.603241 0.087035 0.163265 0.023409 0.123049 
189.000000 0.600840 0.089436 0.164466 0.022209 0.123049 
189.500000 0.608043 0.082233 0.159064 0.027611 0.123049 
190.000000 0.602041 0.087635 0.160864 0.026411 0.123049 
190.500000 0.603241 0.087035 0.163866 0.022809 0.123049 
191.000000 0.613445 0.076831 0.162065 0.024610 0.123049 
191.500000 0.602041 0.088235 0.162665 0.024610 0.122449 
192.000000 0.608043 0.081633 0.160864 0.025810 0.123649 
192.500000 0.602641 0.087035 0.160264 0.027011 0.123049 
193.000000 0.609844 0.079232 0.159064 0.028812 0.123049 
193.500000 0.612845 0.076230 0.159064 0.028812 0.123049 
194.000000 0.612845 0.076831 0.158463 0.028812 0.123049 
194.500000 0.609244 0.079232 0.157863 0.031212 0.122449 
195.000000 0.611044 0.075630 0.150660 0.039016 0.123649 
195.500000 0.602641 0.085234 0.153061 0.036014 0.123049 
196.000000 0.605642 0.082833 0.153061 0.036615 0.121849 
196.500000 0.609844 0.078631 0.148860 0.040816 0.121849 
197.000000 0.613445 0.075630 0.145258 0.043217 0.122449 
197.500000 0.605642 0.083433 0.146459 0.042617 0.121849 
198.000000 0.599640 0.088235 0.145858 0.043818 0.122449 
198.500000 0.601441 0.086435 0.144058 0.046218 0.121849 
199.000000 0.599040 0.088235 0.147659 0.043217 0.121849 
199.500000 0.597839 0.090036 0.139256 0.051020 0.121849 
200.000000 0.597839 0.090636 0.141657 0.048019 0.121849 
200.500000 0.589436 0.098439 0.138655 0.051621 0.121849 
201.000000 0.594838 0.092437 0.141056 0.050420 0.121248 
201.500000 0.587635 0.097839 0.134454 0.058824 0.121248 
202.000000 0.586435 0.099040 0.136855 0.056423 0.121248 
202.500000 0.587635 0.097239 0.130252 0.063625 0.121248 
203.000000 0.581633 0.102641 0.136255 0.058223 0.121248 
203.500000 0.578631 0.103241 0.129652 0.067227 0.121248 
204.000000 0.569628 0.112245 0.126651 0.070828 0.120648 
204.500000 0.567827 0.114046 0.121248 0.076230 0.120648 
205.000000 0.569028 0.113445 0.121849 0.075630 0.120048 
205.500000 0.572629 0.109244 0.119448 0.078631 0.120048 
206.000000 0.568427 0.113445 0.118848 0.079232 0.120048 
206.500000 0.568427 0.111645 0.124250 0.075630 0.120048 
207.000000 0.559424 0.120048 0.119448 0.081032 0.120048 
207.500000 0.554022 0.126050 0.116447 0.083433 0.120048 
208.000000 0.539016 0.139256 0.115846 0.087035 0.118848 
208.500000 0.534214 0.142857 0.112845 0.090636 0.119448 
209.000000 0.539016 0.138655 0.110444 0.093037 0.118848 
209.500000 0.532413 0.144658 0.108043 0.096038 0.118848 
210.000000 0.531813 0.140456 0.100840 0.108043 0.118848 
210.500000 0.527011 0.145258 0.102041 0.106843 0.118848 
211.000000 0.522809 0.147659 0.104442 0.105642 0.119448 
211.500000 0.507803 0.162065 0.097239 0.114046 0.118848 
212.000000 0.502401 0.162065 0.099040 0.116447 0.120048 
212.500000 0.497599 0.166267 0.104442 0.112245 0.119448 
213.000000 0.495198 0.167467 0.108043 0.111044 0.118247 
213.500000 0.490996 0.170468 0.109844 0.109844 0.118848 
214.000000 0.489196 0.172869 0.114046 0.106843 0.117047 
214.500000 0.481993 0.178872 0.112245 0.107443 0.119448 
215.000000 0.481393 0.177071 0.110444 0.111645 0.119448 
215.500000 0.479592 0.176471 0.113445 0.111645 0.118848 
216.000000 0.474190 0.178271 0.120048 0.108643 0.118848 
216.500000 0.461585 0.191477 0.121849 0.107443 0.117647 
217.000000 0.467587 0.185474 0.121248 0.108043 0.117647 
217.500000 0.465786 0.183073 0.122449 0.111044 0.117647 
218.000000 0.464586 0.184874 0.120648 0.111044 0.118848 
218.500000 0.462185 0.186675 0.121849 0.110444 0.118848 
219.000000 0.467587 0.183673 0.120048 0.109844 0.118848 
219.500000 0.474190 0.177071 0.122449 0.107443 0.118848 
220.000000 0.472989 0.179472 0.121248 0.108643 0.117647 
220.500000 0.466387 0.184874 0.124850 0.106242 0.117647 
221.000000 0.476591 0.175270 0.128451 0.100240 0.119448 
221.500000 0.478391 0.172869 0.128451 0.100240 0.120048 
222.000000 0.481393 0.173469 0.127251 0.097839 0.120048 
222.500000 0.488595 0.163265 0.130252 0.098439 0.119448 
223.000000 0.492797 0.160264 0.130252 0.096038 0.120648 
223.500000 0.483193 0.171068 0.126651 0.097839 0.121248 
224.000000 0.486795 0.166867 0.129052 0.096639 0.120648 
224.500000 0.490996 0.163866 0.133854 0.088836 0.122449 
225.000000 0.486194 0.167467 0.140456 0.083433 0.122449 
225.500000 0.491597 0.162065 0.137455 0.086435 0.122449 
226.000000 0.488595 0.165066 0.133854 0.089436 0.123049 
226.500000 0.499400 0.157263 0.138055 0.081633 0.123649 
227.000000 0.496999 0.157263 0.142257 0.079232 0.124250 
227.500000 0.507203 0.147059 0.141657 0.079832 0.124250 
228.000000 0.507803 0.148860 0.142857 0.074430 0.126050 
228.500000 0.507803 0.148860 0.141657 0.073830 0.127851 
229.000000 0.506002 0.151861 0.142857 0.072629 0.126651 
229.500000 0.510804 0.147659 0.146459 0.069028 0.126050 
230.000000 0.513806 0.146459 0.145858 0.066627 0.127251 
230.500000 0.507803 0.151861 0.148259 0.065426 0.126651 
231.000000 0.515006 0.144058 0.148860 0.064226 0.127851 
231.500000 0.513205 0.148259 0.148259 0.061224 0.129052 
232.000000 0.512005 0.151261 0.148860 0.059424 0.128451 
232.500000 0.515606 0.150060 0.148259 0.057023 0.129052 
233.000000 0.522209 0.144058 0.149460 0.054622 0.129652 
233.500000 0.521008 0.145858 0.147659 0.055822 0.129652 
234.000000 0.529412 0.136255 0.148259 0.055822 0.130252 
234.500000 0.536014 0.127851 0.151261 0.055222 0.129652 
235.000000 0.536014 0.128451 0.150660 0.055222 0.129652 
235.500000 0.536615 0.127851 0.149460 0.055822 0.130252 
236.000000 0.535414 0.130252 0.151261 0.052221 0.130852 
236.500000 0.539016 0.128451 0.151261 0.051020 0.130252 
237.000000 0.540216 0.128451 0.149460 0.051020 0.130852 
237.500000 0.543217 0.126050 0.151861 0.049820 0.129052 
238.000000 0.537215 0.131453 0.159064 0.043217 0.129052 
238.500000 0.545018 0.125450 0.158463 0.042617 0.128451 
239.000000 0.555822 0.114046 0.159064 0.040816 0.130252 
239.500000 0.557623 0.114046 0.160864 0.037215 0.130252 
240.000000 0.561825 0.109844 0.160864 0.037215 0.130252 
240.500000 0.561825 0.108643 0.162665 0.036615 0.130252 
241.000000 0.558223 0.112845 0.157263 0.040216 0.131453 
241.500000 0.567827 0.105642 0.156663 0.037815 0.132053 
242.000000 0.568427 0.105642 0.154862 0.039616 0.131453 
242.500000 0.565426 0.107443 0.157263 0.037815 0.132053 
243.000000 0.567827 0.105042 0.157263 0.036615 0.133253 
243.500000 0.569028 0.103241 0.159664 0.034214 0.133854 
244.000000 0.570228 0.104442 0.160264 0.031813 0.133253 
244.500000 0.569628 0.104442 0.160264 0.031813 0.133854 
245.000000 0.564226 0.110444 0.160264 0.030612 0.134454 
245.500000 0.572029 0.104442 0.159664 0.028812 0.135054 
246.000000 0.579232 0.097239 0.159064 0.028812 0.135654 
246.500000 0.581633 0.094238 0.160864 0.027611 0.135654 
247.000000 0.584634 0.093037 0.157863 0.027611 0.136855 
247.500000 0.581633 0.096639 0.157263 0.027611 0.136855 
248.000000 0.580432 0.097239 0.156062 0.028211 0.138055 
248.500000 0.588836 0.087635 0.157263 0.027611 0.138655 
249.000000 0.584634 0.093637 0.153061 0.029412 0.139256 
249.500000 0.592437 0.085834 0.152461 0.029412 0.139856 
250.000000 0.592437 0.087635 0.151861 0.028211 0.139856 
250.500000 0.589436 0.090036 0.154262 0.026411 0.139856 
251.000000 0.596639 0.084034 0.154862 0.024010 0.140456 
251.500000 0.600240 0.079832 0.154862 0.025210 0.139856 
252.000000 0.601441 0.079832 0.153661 0.024610 0.140456 
252.500000 0.595438 0.085834 0.155462 0.023409 0.139856 
253.000000 0.600240 0.082233 0.153661 0.023409 0.140456 
253.500000 0.599640 0.082233 0.153061 0.024010 0.141056 
254.000000 0.602041 0.080432 0.151861 0.024610 0.141056 
254.500000 0.604442 0.078031 0.151861 0.024610 0.141056 
255.000000 0.603842 0.077431 0.153061 0.024610 0.141056 
255.500000 0.601441 0.081032 0.153661 0.022809 0.141056 
256.000000 0.608043 0.074430 0.154262 0.022809 0.140456 
256.500000 0.606242 0.078031 0.157263 0.018607 0.139856 
257.000000 0.604442 0.079232 0.155462 0.020408 0.140456 
257.500000 0.603842 0.079232 0.154862 0.021609 0.140456 
258.000000 0.608043 0.075630 0.154262 0.021008 0.141056 
258.500000 0.612845 0.071429 0.154862 0.019808 0.141056 
259.000000 0.615846 0.068427 0.154262 0.020408 0.141056 
259.500000 0.620048 0.064226 0.153661 0.020408 0.141657 
260.000000 0.618247 0.066026 0.153661 0.019808 0.142257 
260.500000 0.615246 0.070228 0.153661 0.019208 0.141657 
261.000000 0.613445 0.071429 0.151261 0.021008 0.142857 
261.500000 0.621849 0.065426 0.149460 0.020408 0.142857 
262.000000 0.617047 0.069028 0.150060 0.020408 0.143457 
262.500000 0.623049 0.063625 0.150060 0.019808 0.143457 
263.000000 0.618247 0.068427 0.149460 0.019808 0.144058 
263.500000 0.622449 0.065426 0.147059 0.021008 0.144058 
264.000000 0.624850 0.063025 0.150660 0.019208 0.142257 
264.500000 0.616447 0.072029 0.147059 0.021008 0.143457 
265.000000 0.616447 0.073830 0.148259 0.018007 0.143457 
265.500000 0.620648 0.067827 0.148259 0.020408 0.142857 
266.000000 0.615846 0.071429 0.150060 0.019808 0.142857 
266.500000 0.626050 0.063625 0.148259 0.020408 0.141657 
267.000000 0.619448 0.069028 0.149460 0.019808 0.142257 
267.500000 0.622449 0.065426 0.150060 0.019808 0.142257 
268.000000 0.610444 0.078031 0.148860 0.019808 0.142857 
268.500000 0.617047 0.071429 0.147659 0.021008 0.142857 
269.000000 0.619448 0.069028 0.150660 0.019208 0.141657 
269.500000 0.616447 0.072629 0.147659 0.021609 0.141657 
270.000000 0.618848 0.070828 0.148259 0.019808 0.142257 
270.500000 0.620648 0.069028 0.148860 0.018607 0.142857 
271.000000 0.624250 0.065426 0.147659 0.019808 0.142857 
271.500000 0.619448 0.070228 0.148259 0.019208 0.142857 
272.000000 0.615246 0.074430 0.147659 0.019808 0.142857 
272.500000 0.615246 0.074430 0.149460 0.016807 0.144058 
273.000000 0.624850 0.064826 0.147059 0.018607 0.144658 
273.500000 0.625450 0.064826 0.148259 0.017407 0.144058 
274.000000 0.618247 0.072029 0.148259 0.017407 0.144058 
274.500000 0.615846 0.074430 0.149460 0.016807 0.143457 
275.000000 0.626050 0.064226 0.148259 0.018007 0.143457 
275.500000 0.621248 0.069628 0.145858 0.020408 0.142857 
276.000000 0.627251 0.064826 0.145258 0.019208 0.143457 
276.500000 0.627851 0.064826 0.147059 0.017407 0.142857 
277.000000 0.629052 0.063625 0.145258 0.018607 0.143457 
277.500000 0.627851 0.064226 0.145258 0.017407 0.145258 
278.000000 0.624850 0.068427 0.142857 0.018607 0.145258 
278.500000 0.630852 0.062425 0.142857 0.017407 0.146459 
279.000000 0.627251 0.066026 0.141657 0.016807 0.148259 
279.500000 0.626050 0.067227 0.143457 0.015606 0.147659 
280.000000 0.621248 0.072629 0.138655 0.018607 0.148860 
280.500000 0.621248 0.072629 0.139856 0.017407 0.148860 
281.000000 0.623049 0.070828 0.140456 0.017407 0.148259 
281.500000 0.623649 0.070228 0.141056 0.016206 0.148860 
282.000000 0.623049 0.070828 0.141056 0.016206 0.148860 
282.500000 0.619448 0.073830 0.142257 0.016206 0.148259 
283.000000 0.617047 0.076230 0.141657 0.016206 0.148860 
283.500000 0.618848 0.075030 0.142257 0.015006 0.148860 
284.000000 0.615246 0.079232 0.142857 0.014406 0.148259 
284.500000 0.622449 0.072029 0.142857 0.015006 0.147659 
285.000000 0.626050 0.068427 0.141056 0.016807 0.147659 
285.500000 0.620648 0.073229 0.142857 0.015606 0.147659 
286.000000 0.620648 0.073229 0.144058 0.014406 0.147659 
286.500000 0.614046 0.080432 0.141056 0.016206 0.148259 
287.000000 0.613445 0.081032 0.139856 0.016807 0.148860 
287.500000 0.618848 0.075630 0.140456 0.016206 0.148860 
288.000000 0.619448 0.074430 0.136855 0.020408 0.148860 
288.500000 0.614046 0.079832 0.136255 0.021008 0.148860 
289.000000 0.617647 0.076230 0.137455 0.019808 0.148860 
289.500000 0.616447 0.078631 0.135654 0.020408 0.148860 
290.000000 0.618848 0.076230 0.136255 0.019208 0.149460 
290.500000 0.622449 0.072629 0.135054 0.021008 0.148860 
291.000000 0.614046 0.080432 0.136855 0.020408 0.148259 
291.500000 0.611044 0.083433 0.135054 0.022209 0.148259 
292.000000 0.616447 0.077431 0.132653 0.024610 0.148860 
292.500000 0.612845 0.081633 0.130852 0.026411 0.148259 
293.000000 0.615246 0.078631 0.129052 0.028211 0.148860 
293.500000 0.621849 0.072629 0.129052 0.027611 0.148860 
294.000000 0.615846 0.078031 0.132653 0.024610 0.148860 
294.500000 0.624850 0.069028 0.128451 0.028812 0.148860 
295.000000 0.629052 0.064826 0.127251 0.030012 0.148860 
295.500000 0.628451 0.066026 0.123649 0.033013 0.148860 
296.000000 0.618848 0.075630 0.124850 0.031813 0.148860 
296.500000 0.619448 0.075030 0.123649 0.033013 0.148860 
297.000000 0.620048 0.074430 0.121248 0.036014 0.148259 
297.500000 0.618848 0.075630 0.121248 0.035414 0.148860 
298.000000 0.623649 0.072029 0.121248 0.034814 0.148259 
298.500000 0.624250 0.069628 0.118247 0.039616 0.148259 
299.000000 0.615846 0.078031 0.118848 0.039616 0.147659 
299.500000 0.611044 0.083433 0.114046 0.043818 0.147659 
300.000000 0.616447 0.078031 0.118247 0.040216 0.147059 
300.500000 0.614046 0.080432 0.120648 0.037815 0.147059 
301.000000 0.604442 0.088836 0.120048 0.039616 0.147059 
301.500000 0.605042 0.088235 0.114646 0.045018 0.147059 
302.000000 0.605642 0.087635 0.110444 0.049820 0.146459 
302.500000 0.594838 0.096639 0.106843 0.054622 0.147059 
303.000000 0.590636 0.100240 0.106843 0.055222 0.147059 
303.500000 0.596639 0.093637 0.106242 0.056423 0.147059 
304.000000 0.585234 0.105042 0.103241 0.060024 0.146459 
304.500000 0.579832 0.109244 0.106242 0.057623 0.147059 
305.000000 0.583433 0.105042 0.103842 0.060624 0.147059 
305.500000 0.578031 0.108643 0.105042 0.061825 0.146459 
306.000000 0.579232 0.108643 0.106242 0.060024 0.145858 
306.500000 0.561224 0.122449 0.104442 0.065426 0.146459 
307.000000 0.565426 0.117047 0.103842 0.067227 0.146459 
307.500000 0.564826 0.115846 0.105042 0.067227 0.147059 
308.000000 0.557623 0.119448 0.101441 0.074430 0.147059 
308.500000 0.550420 0.125450 0.101441 0.075630 0.147059 
309.000000 0.542617 0.132653 0.099640 0.078631 0.146459 
309.500000 0.542617 0.130852 0.101441 0.078631 0.146459 
310.000000 0.539016 0.133854 0.103241 0.076831 0.147059 
310.500000 0.539016 0.133854 0.098439 0.081633 0.147059 
311.000000 0.530012 0.141056 0.099040 0.084634 0.145258 
311.500000 0.528812 0.140456 0.097839 0.087635 0.145258 
312.000000 0.518607 0.152461 0.096639 0.087035 0.145258 
312.500000 0.523409 0.145858 0.096639 0.088836 0.145258 
313.000000 0.516206 0.148860 0.103241 0.087035 0.144658 
313.500000 0.503001 0.160864 0.101441 0.090636 0.144058 
314.000000 0.498199 0.160264 0.108643 0.090036 0.142857 
314.500000 0.480192 0.177071 0.100240 0.099040 0.143457 
315.000000 0.480192 0.177671 0.100840 0.097239 0.144058 
315.500000 0.484394 0.173469 0.103842 0.094238 0.144058 
316.000000 0.467587 0.190276 0.106242 0.091837 0.144058 
316.500000 0.469388 0.187875 0.106843 0.092437 0.143457 
317.000000 0.462185 0.193277 0.109244 0.091837 0.143457 
317.500000 0.457383 0.195078 0.108643 0.096038 0.142857 
318.000000 0.459784 0.193878 0.109844 0.093637 0.142857 
318.500000 0.473589 0.181273 0.109244 0.093637 0.142257 
319.000000 0.469388 0.181873 0.114646 0.091837 0.142257 
319.500000 0.462185 0.189676 0.117647 0.088235 0.142257 
320.000000 0.458583 0.190276 0.120048 0.088836 0.142257 
320.500000 0.464586 0.182473 0.119448 0.090036 0.143457 
321.000000 0.459184 0.190876 0.130852 0.077431 0.141657 
321.500000 0.451981 0.197479 0.123649 0.084634 0.142257 
322.000000 0.453181 0.191477 0.125450 0.087635 0.142257 
322.500000 0.450180 0.192677 0.135054 0.079832 0.142257 
323.000000 0.449580 0.194478 0.132653 0.079832 0.143457 
323.500000 0.458583 0.186074 0.136255 0.075030 0.144058 
324.000000 0.463986 0.181873 0.136855 0.073229 0.144058 
324.500000 0.463986 0.179472 0.140456 0.072029 0.144058 
325.000000 0.477791 0.169268 0.138655 0.067827 0.146459 
325.500000 0.483794 0.164466 0.137455 0.067827 0.146459 
326.000000 0.477191 0.170468 0.137455 0.068427 0.146459 
326.500000 0.480192 0.167467 0.139256 0.066627 0.146459 
327.000000 0.477791 0.170468 0.138055 0.066627 0.147059 
327.500000 0.483193 0.166267 0.143457 0.061224 0.145858 
328.000000 0.481993 0.167467 0.141056 0.062425 0.147059 
328.500000 0.495798 0.152461 0.139856 0.065426 0.146459 
329.000000 0.492197 0.156062 0.139856 0.066026 0.145858 
329.500000 0.498800 0.151861 0.139856 0.063025 0.146459 
330.000000 0.496999 0.156663 0.139856 0.060024 0.146459 
330.500000 0.509604 0.145258 0.145258 0.052821 0.147059 
331.000000 0.505402 0.149460 0.145858 0.051621 0.147659 
331.500000 0.512605 0.143457 0.147059 0.049220 0.147659 
332.000000 0.509604 0.145858 0.147059 0.049820 0.147659 
332.500000 0.509604 0.147059 0.145858 0.050420 0.147059 
333.000000 0.521609 0.135054 0.142257 0.052821 0.148259 
333.500000 0.525210 0.132653 0.140456 0.052221 0.149460 
334.000000 0.526411 0.132653 0.141056 0.049220 0.150660 
334.500000 0.524610 0.135054 0.141657 0.048019 0.150660 
335.000000 0.521609 0.139856 0.140456 0.047419 0.150660 
335.500000 0.522209 0.139856 0.142257 0.044418 0.151261 
336.000000 0.530012 0.131453 0.142857 0.045618 0.150060 
336.500000 0.531813 0.130252 0.142857 0.042617 0.152461 
337.000000 0.532413 0.129052 0.144658 0.042017 0.151861 
337.500000 0.535414 0.127851 0.144658 0.039616 0.152461 
338.000000 0.533013 0.130852 0.145858 0.037815 0.152461 
338.500000 0.528211 0.135654 0.145258 0.037215 0.153661 
339.000000 0.538415 0.124250 0.150660 0.033613 0.153061 
339.500000 0.541417 0.121849 0.148860 0.034814 0.153061 
340.000000 0.543217 0.120648 0.146459 0.034814 0.154862 
340.500000 0.541417 0.123649 0.145258 0.034214 0.155462 
341.000000 0.550420 0.117047 0.145258 0.033013 0.154262 
341.500000 0.551621 0.116447 0.143457 0.033013 0.155462 
342.000000 0.555222 0.112845 0.146459 0.030012 0.155462 
342.500000 0.552821 0.115246 0.149460 0.027611 0.154862 
343.000000 0.557023 0.110444 0.150060 0.028211 0.154262 
343.500000 0.551020 0.116447 0.150660 0.026411 0.155462 
344.000000 0.555222 0.113445 0.148860 0.027011 0.155462 
344.500000 0.561825 0.106843 0.147659 0.028211 0.155462 
345.000000 0.564826 0.103842 0.148259 0.027611 0.155462 
345.500000 0.563625 0.107443 0.147059 0.026411 0.155462 
346.000000 0.564826 0.106242 0.146459 0.027011 0.155462 
346.500000 0.564826 0.105642 0.147659 0.025210 0.156663 
347.000000 0.564826 0.105642 0.147659 0.025210 0.156663 
347.500000 0.570228 0.100240 0.148860 0.024010 0.156663 
348.000000 0.572629 0.099640 0.147659 0.022209 0.157863 
348.500000 0.577431 0.094238 0.147059 0.022209 0.159064 
349.000000 0.573229 0.099040 0.147659 0.020408 0.159664 
349.500000 0.577431 0.093637 0.148860 0.021008 0.159064 
350.000000 0.576230 0.096639 0.145258 0.022809 0.159064 
350.500000 0.573229 0.099040 0.142857 0.022809 0.162065 
351.000000 0.574430 0.098439 0.143457 0.021609 0.162065 
351.500000 0.578631 0.093637 0.147059 0.019208 0.161465 
352.000000 0.582833 0.090036 0.147659 0.019208 0.160264 
