0.000000 0.458060 0.088750 0.263566 0.181674 0.007951 
0.500000 0.449215 0.098887 0.257305 0.186543 0.008050 
1.000000 0.438481 0.113298 0.247466 0.191513 0.009243 
1.500000 0.424170 0.129398 0.243888 0.191016 0.011529 
2.000000 0.411350 0.145895 0.239018 0.190221 0.013516 
2.500000 0.406579 0.153349 0.235838 0.187040 0.017193 
3.000000 0.397933 0.165971 0.239714 0.175313 0.021069 
3.500000 0.399324 0.170443 0.239316 0.165872 0.025045 
4.000000 0.403300 0.173325 0.241304 0.152554 0.029517 
4.500000 0.407672 0.174717 0.240608 0.143908 0.033095 
5.000000 0.410455 0.177003 0.240211 0.136056 0.036275 
5.500000 0.411847 0.179885 0.239813 0.128305 0.040151 
6.000000 0.417611 0.178593 0.240211 0.120950 0.042636 
6.500000 0.420791 0.177996 0.242596 0.113596 0.045021 
7.000000 0.428245 0.173325 0.243689 0.108428 0.046313 
7.500000 0.430332 0.172133 0.244087 0.105247 0.048201 
8.000000 0.432618 0.172729 0.240807 0.104154 0.049692 
8.500000 0.440072 0.166865 0.242397 0.099384 0.051282 
9.000000 0.442854 0.166269 0.242894 0.094613 0.053369 
9.500000 0.447028 0.164977 0.242497 0.090737 0.054760 
10.000000 0.450904 0.163387 0.242596 0.087458 0.055655 
10.500000 0.450706 0.165474 0.243490 0.083781 0.056549 
11.000000 0.456271 0.162095 0.243888 0.080501 0.057245 
11.500000 0.462334 0.158219 0.243490 0.078116 0.057841 
12.000000 0.468297 0.153846 0.242099 0.076724 0.059034 
12.500000 0.470384 0.153349 0.241900 0.073942 0.060425 
13.000000 0.470284 0.154542 0.243391 0.071258 0.060525 
13.500000 0.476048 0.150070 0.243292 0.069271 0.061320 
14.000000 0.477837 0.148579 0.244285 0.066488 0.062811 
14.500000 0.482012 0.146492 0.244981 0.063407 0.063109 
15.000000 0.486583 0.143212 0.245677 0.061220 0.063307 
15.500000 0.488968 0.141125 0.245379 0.060724 0.063804 
16.000000 0.490260 0.139932 0.246174 0.059233 0.064401 
16.500000 0.493540 0.137249 0.246969 0.057344 0.064898 
17.000000 0.498012 0.133373 0.247168 0.055556 0.065891 
17.500000 0.504075 0.128404 0.248261 0.053270 0.065991 
18.000000 0.509044 0.124727 0.245876 0.053369 0.066985 
18.500000 0.506361 0.129100 0.244385 0.052673 0.067482 
19.000000 0.509044 0.126019 0.246869 0.049990 0.068078 
19.500000 0.511926 0.123832 0.246174 0.049394 0.068674 
20.000000 0.514709 0.121944 0.245776 0.048400 0.069171 
20.500000 0.516696 0.121248 0.245975 0.046412 0.069668 
21.000000 0.521765 0.117174 0.245577 0.045220 0.070264 
21.500000 0.523355 0.116180 0.245379 0.044524 0.070563 
22.000000 0.526337 0.113298 0.243590 0.045518 0.071258 
22.500000 0.527331 0.113596 0.244683 0.042735 0.071656 
23.000000 0.532499 0.108229 0.243689 0.043629 0.071954 
23.500000 0.533592 0.107931 0.243689 0.042536 0.072252 
24.000000 0.534387 0.108328 0.243789 0.041244 0.072252 
24.500000 0.536573 0.106241 0.242795 0.041542 0.072848 
25.000000 0.537368 0.105744 0.242000 0.041443 0.073445 
25.500000 0.537865 0.105546 0.241602 0.041244 0.073743 
26.000000 0.537070 0.106738 0.242596 0.039754 0.073842 
26.500000 0.541145 0.102763 0.242397 0.039455 0.074240 
27.000000 0.540052 0.104850 0.242298 0.038163 0.074637 
27.500000 0.546213 0.099086 0.241006 0.038462 0.075234 
28.000000 0.547605 0.097297 0.239813 0.039356 0.075929 
28.500000 0.547307 0.098390 0.240211 0.037468 0.076625 
29.000000 0.545120 0.100477 0.241701 0.035281 0.077420 
29.500000 0.548698 0.097992 0.241304 0.034387 0.077619 
30.000000 0.550686 0.096204 0.240608 0.034486 0.078016 
30.500000 0.551978 0.095508 0.239117 0.034685 0.078712 
31.000000 0.553071 0.094315 0.239913 0.033790 0.078911 
31.500000 0.556152 0.092129 0.239515 0.032995 0.079209 
32.000000 0.556251 0.092725 0.238819 0.032399 0.079805 
32.500000 0.560823 0.088551 0.236931 0.033592 0.080103 
33.000000 0.563506 0.086762 0.237527 0.032101 0.080103 
33.500000 0.562910 0.087259 0.237925 0.031107 0.080799 
34.000000 0.567183 0.083184 0.237527 0.030809 0.081296 
34.500000 0.567382 0.083482 0.236037 0.031008 0.082091 
35.000000 0.566587 0.084774 0.236832 0.029915 0.081892 
35.500000 0.569171 0.082985 0.237527 0.028424 0.081892 
36.000000 0.570960 0.081594 0.236533 0.028523 0.082389 
36.500000 0.571954 0.081395 0.235738 0.028126 0.082787 
37.000000 0.573544 0.080203 0.236136 0.026635 0.083482 
37.500000 0.576227 0.078513 0.234745 0.026834 0.083681 
38.000000 0.575234 0.078513 0.235838 0.026039 0.084377 
38.500000 0.577321 0.077519 0.235142 0.025343 0.084675 
39.000000 0.578811 0.076128 0.235142 0.025144 0.084774 
39.500000 0.580501 0.075234 0.234049 0.024548 0.085669 
40.000000 0.580600 0.075134 0.232260 0.026039 0.085967 
40.500000 0.581395 0.075929 0.232856 0.023256 0.086563 
41.000000 0.582389 0.075035 0.232956 0.023057 0.086563 
41.500000 0.584576 0.072749 0.232459 0.023156 0.087060 
42.000000 0.583681 0.074240 0.232359 0.022461 0.087259 
42.500000 0.587160 0.071159 0.230968 0.022759 0.087955 
43.000000 0.588153 0.070165 0.230869 0.022461 0.088352 
43.500000 0.589545 0.069171 0.230074 0.022560 0.088650 
44.000000 0.586663 0.072351 0.230074 0.021666 0.089247 
44.500000 0.584277 0.075035 0.228881 0.022163 0.089644 
45.000000 0.587259 0.072848 0.228583 0.021467 0.089843 
45.500000 0.590042 0.070960 0.227589 0.021268 0.090141 
46.000000 0.587657 0.072550 0.228185 0.020771 0.090837 
46.500000 0.588849 0.071258 0.227291 0.021467 0.091135 
47.000000 0.591831 0.068277 0.226893 0.020970 0.092029 
47.500000 0.590539 0.070165 0.226297 0.020771 0.092228 
48.000000 0.592626 0.068475 0.226198 0.020076 0.092626 
48.500000 0.590539 0.070364 0.225701 0.020572 0.092824 
49.000000 0.590837 0.070563 0.225204 0.019678 0.093719 
49.500000 0.592626 0.069171 0.224806 0.019777 0.093620 
50.000000 0.593123 0.069370 0.223614 0.019181 0.094713 
50.500000 0.593023 0.069668 0.222819 0.019579 0.094912 
51.000000 0.593023 0.070165 0.221725 0.020175 0.094912 
51.500000 0.595806 0.068177 0.221825 0.018982 0.095210 
52.000000 0.595508 0.068674 0.222222 0.018287 0.095309 
52.500000 0.596800 0.068177 0.220235 0.018684 0.096104 
53.000000 0.596999 0.068078 0.220533 0.017392 0.096999 
53.500000 0.597595 0.068277 0.218843 0.018088 0.097197 
54.000000 0.598191 0.067879 0.218545 0.017790 0.097595 
54.500000 0.598887 0.067581 0.217849 0.017790 0.097893 
55.000000 0.600974 0.065593 0.217750 0.017293 0.098390 
55.500000 0.601073 0.066289 0.217551 0.016200 0.098887 
56.000000 0.603856 0.063904 0.216955 0.016299 0.098986 
56.500000 0.605844 0.062413 0.216359 0.016001 0.099384 
57.000000 0.605645 0.061916 0.217551 0.015703 0.099185 
57.500000 0.602862 0.065593 0.216657 0.015007 0.099881 
58.000000 0.603856 0.064202 0.215862 0.015603 0.100477 
58.500000 0.605844 0.062910 0.215464 0.015206 0.100576 
59.000000 0.606142 0.063009 0.215067 0.014510 0.101272 
59.500000 0.605347 0.064003 0.215365 0.014013 0.101272 
60.000000 0.606142 0.063506 0.215067 0.013814 0.101471 
60.500000 0.606539 0.063407 0.214272 0.013417 0.102365 
61.000000 0.606142 0.064003 0.213775 0.012920 0.103160 
61.500000 0.607533 0.062811 0.213178 0.013417 0.103061 
62.000000 0.609422 0.061121 0.213079 0.013019 0.103359 
62.500000 0.608825 0.061519 0.213178 0.013516 0.102962 
63.000000 0.608229 0.062711 0.212681 0.013119 0.103260 
63.500000 0.608627 0.062314 0.212284 0.012920 0.103856 
64.000000 0.608726 0.062811 0.211688 0.012920 0.103856 
64.500000 0.608925 0.062612 0.210992 0.013119 0.104353 
65.000000 0.607434 0.064599 0.211290 0.012324 0.104353 
65.500000 0.608428 0.063904 0.210594 0.011827 0.105247 
66.000000 0.609322 0.063109 0.209899 0.011926 0.105744 
66.500000 0.609620 0.063009 0.209998 0.011330 0.106043 
67.000000 0.609819 0.063109 0.208507 0.011529 0.107036 
67.500000 0.611310 0.061817 0.208408 0.011230 0.107235 
68.000000 0.611608 0.061817 0.207613 0.011727 0.107235 
68.500000 0.611906 0.062413 0.206023 0.011727 0.107931 
69.000000 0.614192 0.060028 0.205725 0.012125 0.107931 
69.500000 0.614788 0.060227 0.204731 0.011628 0.108627 
70.000000 0.613496 0.061121 0.204333 0.012224 0.108825 
70.500000 0.614192 0.060525 0.203637 0.012522 0.109123 
71.000000 0.615086 0.059928 0.203240 0.012423 0.109322 
71.500000 0.615385 0.059730 0.202246 0.012622 0.110018 
72.000000 0.615782 0.060028 0.201948 0.011926 0.110316 
72.500000 0.614788 0.060922 0.201550 0.011926 0.110813 
73.000000 0.615086 0.061022 0.200457 0.011926 0.111509 
73.500000 0.615186 0.061320 0.200358 0.011727 0.111409 
74.000000 0.617472 0.059233 0.199761 0.011628 0.111906 
74.500000 0.617273 0.059432 0.200060 0.011727 0.111509 
75.000000 0.618764 0.058835 0.198171 0.012025 0.112204 
75.500000 0.616776 0.060922 0.198271 0.011727 0.112304 
76.000000 0.617472 0.060922 0.196879 0.011827 0.112900 
76.500000 0.620553 0.058040 0.197277 0.010833 0.113298 
77.000000 0.622043 0.057146 0.196283 0.010932 0.113596 
77.500000 0.620254 0.058835 0.195886 0.010634 0.114391 
78.000000 0.620453 0.058736 0.195687 0.010833 0.114291 
78.500000 0.622043 0.057444 0.195886 0.010038 0.114590 
79.000000 0.621646 0.058239 0.194792 0.010038 0.115285 
79.500000 0.624230 0.056251 0.192308 0.010733 0.116478 
80.000000 0.621546 0.059531 0.192407 0.010634 0.115882 
80.500000 0.624727 0.056748 0.191910 0.010435 0.116180 
81.000000 0.623534 0.057643 0.191910 0.010336 0.116577 
81.500000 0.623633 0.057941 0.191513 0.010038 0.116875 
82.000000 0.622640 0.059133 0.191811 0.009541 0.116875 
82.500000 0.624130 0.058438 0.190817 0.009044 0.117571 
83.000000 0.625621 0.057046 0.190320 0.009640 0.117372 
83.500000 0.626714 0.055953 0.189525 0.009839 0.117969 
84.000000 0.625323 0.057245 0.188929 0.010237 0.118267 
84.500000 0.626217 0.056947 0.188531 0.009839 0.118466 
85.000000 0.626317 0.056649 0.189127 0.009342 0.118565 
85.500000 0.627311 0.055754 0.189426 0.009044 0.118466 
86.000000 0.628702 0.054264 0.189227 0.009044 0.118764 
86.500000 0.630988 0.052077 0.188034 0.009839 0.119062 
87.000000 0.629000 0.054363 0.187736 0.009541 0.119360 
87.500000 0.629199 0.054661 0.186245 0.010038 0.119857 
88.000000 0.630690 0.053170 0.186146 0.009640 0.120354 
88.500000 0.630491 0.053667 0.184953 0.009740 0.121149 
89.000000 0.630392 0.053767 0.184854 0.009441 0.121546 
89.500000 0.630292 0.054264 0.183264 0.010336 0.121845 
90.000000 0.629696 0.054760 0.183661 0.010038 0.121845 
90.500000 0.629298 0.055854 0.182568 0.010137 0.122143 
91.000000 0.627013 0.058140 0.183363 0.009243 0.122242 
91.500000 0.625820 0.060425 0.181475 0.009143 0.123137 
92.000000 0.628404 0.057742 0.181375 0.009541 0.122938 
92.500000 0.628801 0.057543 0.181177 0.008945 0.123534 
93.000000 0.628106 0.058338 0.181077 0.008945 0.123534 
93.500000 0.629199 0.057742 0.180282 0.009441 0.123335 
94.000000 0.630093 0.057046 0.179785 0.008746 0.124329 
94.500000 0.629298 0.057941 0.179587 0.008746 0.124429 
95.000000 0.628603 0.058736 0.179686 0.008547 0.124429 
95.500000 0.631485 0.056748 0.178394 0.008547 0.124826 
96.000000 0.630093 0.057841 0.178195 0.008646 0.125224 
96.500000 0.629000 0.058835 0.177798 0.008845 0.125522 
97.000000 0.629199 0.058835 0.176704 0.009640 0.125621 
97.500000 0.630789 0.057643 0.176307 0.009342 0.125919 
98.000000 0.631385 0.057344 0.175611 0.009938 0.125721 
98.500000 0.632180 0.056549 0.175214 0.009740 0.126317 
99.000000 0.632180 0.056649 0.175909 0.009243 0.126019 
99.500000 0.635063 0.053568 0.176307 0.009044 0.126019 
100.000000 0.632976 0.056052 0.175611 0.008547 0.126814 
100.500000 0.633472 0.055556 0.175909 0.008348 0.126714 
101.000000 0.633771 0.055357 0.174518 0.008945 0.127410 
101.500000 0.635560 0.053866 0.174319 0.008547 0.127708 
102.000000 0.635361 0.054462 0.173027 0.008845 0.128305 
102.500000 0.634168 0.054959 0.173624 0.009044 0.128205 
103.000000 0.632280 0.057344 0.172431 0.009044 0.128901 
103.500000 0.632777 0.057046 0.172431 0.008945 0.128801 
104.000000 0.632976 0.057344 0.171338 0.008845 0.129497 
104.500000 0.632876 0.057543 0.171238 0.008646 0.129696 
105.000000 0.633472 0.057444 0.170046 0.009243 0.129795 
105.500000 0.633969 0.056748 0.170046 0.008845 0.130392 
106.000000 0.634665 0.056450 0.170145 0.008348 0.130392 
106.500000 0.636454 0.054661 0.169549 0.008547 0.130789 
107.000000 0.635361 0.056152 0.169251 0.007951 0.131286 
107.500000 0.635560 0.056251 0.168952 0.008050 0.131187 
108.000000 0.635659 0.056052 0.168853 0.007752 0.131684 
108.500000 0.634764 0.056649 0.168654 0.007951 0.131982 
109.000000 0.634168 0.057543 0.167760 0.007951 0.132578 
109.500000 0.634665 0.057344 0.167164 0.008050 0.132777 
110.000000 0.636156 0.056351 0.165375 0.008646 0.133472 
110.500000 0.634665 0.057643 0.165673 0.008149 0.133870 
111.000000 0.633572 0.058736 0.166667 0.007056 0.133969 
111.500000 0.632180 0.060127 0.165971 0.007354 0.134367 
112.000000 0.631187 0.061717 0.165176 0.007056 0.134864 
112.500000 0.632479 0.060624 0.164580 0.007255 0.135063 
113.000000 0.632677 0.060823 0.163486 0.007553 0.135460 
113.500000 0.634069 0.060028 0.162493 0.007454 0.135957 
114.000000 0.634566 0.059332 0.162691 0.007553 0.135858 
114.500000 0.634168 0.059730 0.163486 0.006659 0.135957 
115.000000 0.635261 0.058636 0.163188 0.006659 0.136255 
115.500000 0.635162 0.059332 0.162294 0.007156 0.136056 
116.000000 0.636653 0.057941 0.161201 0.007553 0.136653 
116.500000 0.636454 0.057941 0.161598 0.007553 0.136454 
117.000000 0.636355 0.058736 0.161201 0.006957 0.136752 
117.500000 0.635957 0.059432 0.161101 0.006758 0.136752 
118.000000 0.638044 0.057444 0.160505 0.007454 0.136553 
118.500000 0.638839 0.056848 0.159909 0.007156 0.137249 
119.000000 0.637746 0.057841 0.160008 0.007354 0.137050 
119.500000 0.637945 0.057841 0.159610 0.007553 0.137050 
120.000000 0.637746 0.058140 0.160306 0.006559 0.137249 
120.500000 0.639038 0.056947 0.159014 0.007354 0.137647 
121.000000 0.636056 0.059928 0.158318 0.008050 0.137647 
121.500000 0.639435 0.057444 0.157822 0.007851 0.137448 
122.000000 0.636355 0.060227 0.157424 0.008050 0.137945 
122.500000 0.636255 0.060127 0.156331 0.009044 0.138243 
123.000000 0.637647 0.058636 0.157523 0.008149 0.138044 
123.500000 0.638144 0.058338 0.157026 0.008149 0.138342 
124.000000 0.638044 0.059034 0.155834 0.008348 0.138740 
124.500000 0.639137 0.057742 0.155138 0.009044 0.138939 
125.000000 0.640727 0.056052 0.155039 0.008845 0.139336 
125.500000 0.641224 0.056450 0.154244 0.008348 0.139734 
126.000000 0.640529 0.057643 0.153647 0.008547 0.139634 
126.500000 0.640330 0.057941 0.153747 0.008249 0.139734 
127.000000 0.641026 0.057146 0.153150 0.008448 0.140231 
127.500000 0.641224 0.057245 0.152654 0.008945 0.139932 
128.000000 0.642417 0.055655 0.153449 0.008547 0.139932 
128.500000 0.640330 0.057643 0.153150 0.008646 0.140231 
129.000000 0.642815 0.055953 0.151461 0.008845 0.140926 
129.500000 0.645995 0.052673 0.152057 0.007951 0.141324 
130.000000 0.642715 0.056251 0.151660 0.008050 0.141324 
130.500000 0.643808 0.055456 0.150865 0.008348 0.141523 
131.000000 0.642914 0.056549 0.150765 0.008149 0.141622 
131.500000 0.641721 0.057841 0.150666 0.007851 0.141920 
132.000000 0.642218 0.057742 0.149573 0.008149 0.142318 
132.500000 0.642715 0.056947 0.149573 0.008249 0.142516 
133.000000 0.641423 0.058537 0.149175 0.007851 0.143013 
133.500000 0.643212 0.056848 0.148281 0.008348 0.143311 
134.000000 0.643908 0.056251 0.148281 0.007752 0.143808 
134.500000 0.642218 0.058537 0.147386 0.007851 0.144007 
135.000000 0.643908 0.056351 0.147386 0.008448 0.143908 
135.500000 0.644504 0.056251 0.146790 0.008348 0.144107 
136.000000 0.643709 0.056748 0.146889 0.008249 0.144405 
136.500000 0.645597 0.055357 0.146591 0.008050 0.144405 
137.000000 0.643808 0.057344 0.145697 0.008050 0.145100 
137.500000 0.644107 0.057344 0.145399 0.007951 0.145200 
138.000000 0.644703 0.056748 0.145498 0.007851 0.145200 
138.500000 0.645100 0.056450 0.144902 0.007851 0.145697 
139.000000 0.645995 0.055456 0.145399 0.007354 0.145796 
139.500000 0.646194 0.055456 0.145399 0.007354 0.145597 
140.000000 0.646790 0.055456 0.145100 0.007156 0.145498 
140.500000 0.644007 0.058239 0.144802 0.006957 0.145995 
141.000000 0.646094 0.056052 0.144603 0.007255 0.145995 
141.500000 0.647983 0.054462 0.144405 0.007056 0.146094 
142.000000 0.647486 0.054860 0.144703 0.006361 0.146591 
142.500000 0.648479 0.053866 0.144107 0.007056 0.146492 
143.000000 0.647684 0.054959 0.142914 0.007255 0.147187 
143.500000 0.645796 0.057543 0.141920 0.007354 0.147386 
144.000000 0.645498 0.057742 0.142616 0.006758 0.147386 
144.500000 0.648082 0.055059 0.142616 0.006659 0.147585 
145.000000 0.648678 0.054462 0.142218 0.006857 0.147784 
145.500000 0.648380 0.055357 0.141523 0.006857 0.147883 
146.000000 0.647883 0.056251 0.141224 0.006659 0.147983 
146.500000 0.646293 0.057643 0.141721 0.006857 0.147486 
147.000000 0.648579 0.055059 0.141423 0.006957 0.147983 
147.500000 0.649473 0.054462 0.140827 0.007156 0.148082 
148.000000 0.648778 0.055257 0.139734 0.007653 0.148579 
148.500000 0.648778 0.055456 0.139435 0.007354 0.148976 
149.000000 0.647684 0.056649 0.139137 0.007752 0.148778 
149.500000 0.647983 0.056549 0.139435 0.007156 0.148877 
150.000000 0.648380 0.056450 0.138342 0.007553 0.149274 
150.500000 0.648579 0.056152 0.138839 0.006857 0.149573 
151.000000 0.650765 0.054164 0.138342 0.007156 0.149573 
151.500000 0.648976 0.056052 0.137845 0.007255 0.149871 
152.000000 0.648181 0.057046 0.138243 0.006559 0.149970 
152.500000 0.650566 0.055158 0.137647 0.006460 0.150169 
153.000000 0.649573 0.056450 0.136752 0.006659 0.150566 
153.500000 0.650169 0.055754 0.137647 0.006062 0.150368 
154.000000 0.649473 0.056748 0.137348 0.005963 0.150467 
154.500000 0.649175 0.057444 0.136553 0.006062 0.150765 
155.000000 0.650566 0.056351 0.135460 0.006261 0.151362 
155.500000 0.645895 0.061121 0.135063 0.006062 0.151858 
156.000000 0.647784 0.059332 0.134268 0.006758 0.151858 
156.500000 0.648479 0.058935 0.134069 0.006957 0.151560 
157.000000 0.649970 0.057344 0.134963 0.005963 0.151759 
157.500000 0.652355 0.055059 0.134268 0.006361 0.151958 
158.000000 0.650070 0.057543 0.133969 0.006162 0.152256 
158.500000 0.650566 0.057245 0.133174 0.006261 0.152753 
159.000000 0.649970 0.057941 0.133075 0.006261 0.152753 
159.500000 0.649175 0.058935 0.132777 0.005565 0.153548 
160.000000 0.650765 0.058040 0.131385 0.006261 0.153548 
160.500000 0.649076 0.059332 0.131584 0.006162 0.153846 
161.000000 0.650566 0.058040 0.131187 0.006062 0.154144 
161.500000 0.650467 0.058239 0.130988 0.006062 0.154244 
162.000000 0.646392 0.062314 0.130690 0.006659 0.153946 
162.500000 0.650268 0.058835 0.130193 0.006261 0.154442 
163.000000 0.650566 0.058835 0.128702 0.007056 0.154840 
163.500000 0.651362 0.058239 0.129000 0.006361 0.155039 
164.000000 0.649274 0.060127 0.128503 0.006559 0.155536 
164.500000 0.647784 0.061320 0.128603 0.006559 0.155734 
165.000000 0.646889 0.062413 0.129398 0.006062 0.155238 
165.500000 0.647983 0.061916 0.128503 0.006162 0.155436 
166.000000 0.650765 0.059730 0.127907 0.005963 0.155635 
166.500000 0.650964 0.059332 0.127708 0.005864 0.156132 
167.000000 0.649871 0.060624 0.128106 0.005168 0.156231 
167.500000 0.651660 0.059233 0.127013 0.005565 0.156530 
168.000000 0.652455 0.058835 0.126714 0.005565 0.156430 
168.500000 0.650666 0.060227 0.126913 0.005267 0.156927 
169.000000 0.650566 0.060326 0.126615 0.005367 0.157126 
169.500000 0.649672 0.061519 0.125422 0.005665 0.157722 
170.000000 0.649871 0.061320 0.126416 0.004472 0.157921 
170.500000 0.649374 0.061717 0.125820 0.005267 0.157822 
171.000000 0.650666 0.061022 0.126019 0.004572 0.157722 
171.500000 0.655138 0.057245 0.125124 0.004671 0.157822 
172.000000 0.653647 0.058537 0.124627 0.005168 0.158020 
172.500000 0.650268 0.062115 0.124230 0.004969 0.158418 
173.000000 0.650666 0.061717 0.124031 0.005267 0.158318 
173.500000 0.651660 0.060127 0.124528 0.005168 0.158517 
174.000000 0.649970 0.062214 0.124627 0.004671 0.158517 
174.500000 0.652256 0.060127 0.123335 0.005466 0.158815 
175.000000 0.648976 0.063307 0.123832 0.005267 0.158617 
175.500000 0.651660 0.060823 0.122838 0.005764 0.158915 
176.000000 0.649871 0.062512 0.123037 0.005267 0.159312 
176.500000 0.650070 0.062413 0.122341 0.005168 0.160008 
177.000000 0.650368 0.062016 0.122838 0.004870 0.159909 
177.500000 0.647883 0.064699 0.122242 0.005069 0.160107 
178.000000 0.651660 0.061320 0.120751 0.005864 0.160405 
178.500000 0.651461 0.061022 0.121447 0.005565 0.160505 
179.000000 0.653349 0.059829 0.120453 0.005963 0.160405 
179.500000 0.652455 0.061022 0.120254 0.005764 0.160505 
180.000000 0.652852 0.061320 0.118565 0.006162 0.161101 
180.500000 0.651560 0.062214 0.118565 0.006659 0.161002 
181.000000 0.652256 0.061717 0.119161 0.005764 0.161101 
181.500000 0.652654 0.061419 0.119559 0.005367 0.161002 
182.000000 0.654939 0.059332 0.118664 0.005963 0.161101 
182.500000 0.655238 0.059133 0.119161 0.005565 0.160902 
183.000000 0.652554 0.061717 0.118962 0.005963 0.160803 
183.500000 0.652057 0.062413 0.119062 0.005367 0.161101 
184.000000 0.654641 0.059630 0.118863 0.005764 0.161101 
184.500000 0.654144 0.060227 0.118466 0.005665 0.161499 
185.000000 0.653349 0.061320 0.116975 0.006559 0.161797 
185.500000 0.651262 0.063208 0.116875 0.006361 0.162294 
186.000000 0.650865 0.064401 0.116975 0.005665 0.162095 
186.500000 0.650368 0.064798 0.116776 0.005565 0.162493 
187.000000 0.653647 0.062115 0.115981 0.005864 0.162393 
187.500000 0.653150 0.062811 0.115385 0.005963 0.162691 
188.000000 0.652256 0.063606 0.116080 0.005565 0.162493 
188.500000 0.653150 0.062314 0.116378 0.005565 0.162592 
189.000000 0.649274 0.065991 0.115683 0.006062 0.162989 
189.500000 0.650268 0.065395 0.115285 0.006162 0.162890 
190.000000 0.654343 0.061618 0.114689 0.006062 0.163288 
190.500000 0.653548 0.062214 0.115981 0.004969 0.163288 
191.000000 0.655238 0.060823 0.115583 0.004770 0.163586 
191.500000 0.656828 0.059233 0.114391 0.006162 0.163387 
192.000000 0.659710 0.056748 0.113993 0.005764 0.163785 
192.500000 0.659213 0.057245 0.113993 0.005864 0.163685 
193.000000 0.659213 0.057245 0.113894 0.005367 0.164281 
193.500000 0.656828 0.060028 0.113198 0.005367 0.164580 
194.000000 0.655834 0.061220 0.112403 0.006062 0.164480 
194.500000 0.655635 0.061022 0.112900 0.005963 0.164480 
195.000000 0.657026 0.060227 0.112602 0.005665 0.164480 
195.500000 0.659113 0.058636 0.112105 0.005168 0.164977 
196.000000 0.657026 0.060624 0.111707 0.005665 0.164977 
196.500000 0.657623 0.059531 0.111707 0.006062 0.165077 
197.000000 0.656033 0.061220 0.111409 0.005963 0.165375 
197.500000 0.659113 0.059034 0.111111 0.005267 0.165474 
198.000000 0.658716 0.060127 0.110316 0.005069 0.165772 
198.500000 0.659809 0.058835 0.110813 0.004870 0.165673 
199.000000 0.658617 0.060525 0.109819 0.005069 0.165971 
199.500000 0.656231 0.063009 0.110217 0.004770 0.165772 
200.000000 0.656530 0.062512 0.110018 0.004770 0.166170 
200.500000 0.658020 0.060525 0.110415 0.005267 0.165772 
201.000000 0.656033 0.062612 0.110515 0.004671 0.166170 
201.500000 0.658020 0.060823 0.110714 0.004373 0.166070 
202.000000 0.657722 0.061817 0.110117 0.004075 0.166269 
202.500000 0.656033 0.063307 0.109322 0.005168 0.166170 
203.000000 0.655337 0.063705 0.110117 0.004671 0.166170 
203.500000 0.656828 0.062413 0.109322 0.004870 0.166567 
204.000000 0.653747 0.065693 0.109322 0.004472 0.166766 
204.500000 0.655734 0.063705 0.108627 0.004870 0.167064 
205.000000 0.655238 0.064798 0.107533 0.005367 0.167064 
205.500000 0.658617 0.061817 0.107335 0.005267 0.166965 
206.000000 0.656530 0.063506 0.107235 0.005466 0.167263 
206.500000 0.656530 0.063407 0.107335 0.005267 0.167462 
207.000000 0.658219 0.062115 0.107235 0.004671 0.167760 
207.500000 0.654641 0.065891 0.106838 0.004770 0.167859 
208.000000 0.656927 0.063506 0.105645 0.005367 0.168555 
208.500000 0.658418 0.062711 0.105347 0.004969 0.168555 
209.000000 0.655933 0.065096 0.105446 0.005466 0.168058 
209.500000 0.659412 0.061916 0.104751 0.005168 0.168754 
210.000000 0.659213 0.062214 0.104651 0.005168 0.168754 
210.500000 0.658815 0.062413 0.104949 0.005168 0.168654 
211.000000 0.658617 0.063109 0.103061 0.005864 0.169350 
211.500000 0.659412 0.061717 0.104452 0.005168 0.169251 
212.000000 0.658020 0.062910 0.103558 0.005864 0.169648 
212.500000 0.656033 0.064997 0.103459 0.005864 0.169648 
213.000000 0.655635 0.065593 0.103757 0.005565 0.169449 
213.500000 0.656132 0.065196 0.103657 0.005466 0.169549 
214.000000 0.658219 0.063804 0.103061 0.005168 0.169748 
214.500000 0.658815 0.063009 0.102763 0.005367 0.170046 
215.000000 0.656530 0.065395 0.102067 0.005665 0.170344 
215.500000 0.657523 0.064798 0.101968 0.005168 0.170543 
216.000000 0.657822 0.064202 0.102465 0.005367 0.170145 
216.500000 0.659213 0.063009 0.101968 0.005168 0.170642 
217.000000 0.658716 0.064401 0.101471 0.004671 0.170741 
217.500000 0.662294 0.060525 0.101968 0.004671 0.170543 
218.000000 0.661598 0.061121 0.102067 0.004472 0.170741 
218.500000 0.663685 0.058935 0.101868 0.004969 0.170543 
219.000000 0.662294 0.060624 0.101670 0.004770 0.170642 
219.500000 0.660803 0.062413 0.100875 0.005168 0.170741 
220.000000 0.662791 0.060425 0.100278 0.005466 0.171040 
220.500000 0.659412 0.063804 0.100974 0.004870 0.170940 
221.000000 0.660803 0.062910 0.100477 0.005069 0.170741 
221.500000 0.661697 0.062016 0.099682 0.005168 0.171437 
222.000000 0.661797 0.061817 0.099583 0.004770 0.172033 
222.500000 0.662493 0.061519 0.098887 0.005267 0.171835 
223.000000 0.660008 0.063804 0.099086 0.004870 0.172232 
223.500000 0.661896 0.061916 0.098390 0.005367 0.172431 
224.000000 0.660405 0.063506 0.098291 0.005665 0.172133 
224.500000 0.661002 0.062910 0.097496 0.005764 0.172828 
225.000000 0.661101 0.063407 0.098092 0.004770 0.172630 
225.500000 0.660803 0.063407 0.097893 0.005168 0.172729 
226.000000 0.663387 0.061220 0.097595 0.005367 0.172431 
226.500000 0.663983 0.061022 0.097197 0.004969 0.172828 
227.000000 0.663983 0.061320 0.096303 0.005069 0.173325 
227.500000 0.662095 0.063307 0.096104 0.005069 0.173425 
228.000000 0.664778 0.061121 0.095408 0.005168 0.173524 
228.500000 0.662691 0.062811 0.095011 0.005864 0.173624 
229.000000 0.662393 0.063407 0.094315 0.005963 0.173922 
229.500000 0.662791 0.063208 0.094116 0.005864 0.174021 
230.000000 0.665077 0.061220 0.093818 0.005466 0.174419 
230.500000 0.662194 0.063705 0.094116 0.005565 0.174419 
231.000000 0.665772 0.060326 0.093818 0.005565 0.174518 
231.500000 0.664281 0.062115 0.093222 0.005466 0.174916 
232.000000 0.665077 0.061916 0.092824 0.004969 0.175214 
232.500000 0.664778 0.062413 0.092129 0.005069 0.175611 
233.000000 0.667362 0.059829 0.091831 0.005466 0.175512 
233.500000 0.665772 0.060922 0.092526 0.005267 0.175512 
234.000000 0.666070 0.061121 0.091930 0.005267 0.175611 
234.500000 0.666667 0.060624 0.092129 0.005069 0.175512 
235.000000 0.664878 0.062115 0.091433 0.005665 0.175909 
235.500000 0.667263 0.060028 0.091831 0.004870 0.176009 
236.000000 0.667263 0.060624 0.091135 0.004770 0.176208 
236.500000 0.668654 0.059034 0.091532 0.004770 0.176009 
237.000000 0.668257 0.059531 0.091135 0.004870 0.176208 
237.500000 0.668356 0.059531 0.090241 0.005466 0.176406 
238.000000 0.665077 0.062711 0.090141 0.005565 0.176506 
238.500000 0.664977 0.063407 0.090340 0.004671 0.176605 
239.000000 0.665673 0.062512 0.090241 0.004870 0.176704 
239.500000 0.665474 0.062910 0.090539 0.004274 0.176804 
240.000000 0.665872 0.062512 0.089843 0.004870 0.176903 
240.500000 0.666667 0.061618 0.089843 0.004770 0.177102 
241.000000 0.666667 0.061519 0.090042 0.004770 0.177003 
241.500000 0.667064 0.061519 0.089048 0.005069 0.177301 
242.000000 0.669648 0.058835 0.089843 0.004472 0.177201 
242.500000 0.669648 0.059133 0.089147 0.004671 0.177400 
243.000000 0.669549 0.059133 0.089744 0.004174 0.177400 
243.500000 0.666468 0.062016 0.089545 0.004572 0.177400 
244.000000 0.668754 0.059730 0.090340 0.003975 0.177201 
244.500000 0.666965 0.061916 0.089843 0.003975 0.177301 
245.000000 0.665077 0.063804 0.089843 0.003975 0.177301 
245.500000 0.665971 0.063009 0.089247 0.003975 0.177798 
246.000000 0.668754 0.060326 0.089247 0.003876 0.177798 
246.500000 0.666667 0.062115 0.089247 0.003777 0.178195 
247.000000 0.669449 0.059531 0.088849 0.004174 0.177996 
247.500000 0.669549 0.059630 0.089048 0.003876 0.177897 
248.000000 0.665971 0.063904 0.088253 0.003578 0.178295 
248.500000 0.666865 0.062910 0.088551 0.003677 0.177996 
249.000000 0.669151 0.060326 0.088253 0.003777 0.178493 
249.500000 0.668654 0.061220 0.087955 0.003677 0.178493 
250.000000 0.667859 0.061916 0.087358 0.004274 0.178593 
250.500000 0.668356 0.061320 0.088352 0.003578 0.178394 
251.000000 0.668754 0.061220 0.087557 0.003975 0.178493 
251.500000 0.670543 0.059829 0.086861 0.004472 0.178295 
252.000000 0.667661 0.062314 0.087259 0.004274 0.178493 
252.500000 0.668058 0.061916 0.087060 0.004075 0.178891 
253.000000 0.669350 0.060425 0.086961 0.004472 0.178791 
253.500000 0.671735 0.058835 0.086464 0.004472 0.178493 
254.000000 0.669052 0.061419 0.086861 0.003777 0.178891 
254.500000 0.669748 0.060425 0.086961 0.004075 0.178791 
255.000000 0.671338 0.059233 0.086961 0.003280 0.179189 
255.500000 0.669847 0.060922 0.086563 0.003280 0.179388 
256.000000 0.668157 0.063009 0.086464 0.003081 0.179288 
256.500000 0.668058 0.062811 0.086464 0.003280 0.179388 
257.000000 0.669549 0.061220 0.086464 0.003180 0.179587 
257.500000 0.670145 0.061121 0.085768 0.002982 0.179984 
258.000000 0.672133 0.059133 0.084973 0.003280 0.180481 
258.500000 0.670642 0.060624 0.084476 0.003975 0.180282 
259.000000 0.671040 0.060326 0.084675 0.003677 0.180282 
259.500000 0.671536 0.059928 0.085271 0.002982 0.180282 
260.000000 0.671536 0.060028 0.085172 0.003081 0.180183 
260.500000 0.670344 0.061220 0.084377 0.003379 0.180680 
261.000000 0.668754 0.062711 0.085073 0.003081 0.180382 
261.500000 0.668456 0.063009 0.084576 0.003478 0.180481 
262.000000 0.669151 0.062314 0.084377 0.003478 0.180680 
262.500000 0.670046 0.061419 0.084277 0.003578 0.180680 
263.000000 0.668257 0.063407 0.084874 0.002982 0.180481 
263.500000 0.667561 0.064301 0.084675 0.002982 0.180481 
264.000000 0.668257 0.063506 0.084874 0.003081 0.180282 
264.500000 0.670642 0.061519 0.083383 0.003876 0.180580 
265.000000 0.671238 0.061220 0.083085 0.003876 0.180580 
265.500000 0.669946 0.062512 0.083383 0.003777 0.180382 
266.000000 0.669449 0.062811 0.083184 0.003975 0.180580 
266.500000 0.669449 0.062811 0.082091 0.004472 0.181177 
267.000000 0.667064 0.065096 0.082489 0.004174 0.181177 
267.500000 0.671437 0.060922 0.082389 0.003876 0.181375 
268.000000 0.669847 0.062413 0.082190 0.004174 0.181375 
268.500000 0.670244 0.062512 0.082290 0.003876 0.181077 
269.000000 0.669151 0.063705 0.081892 0.003677 0.181574 
269.500000 0.670543 0.062314 0.082389 0.003081 0.181674 
270.000000 0.668058 0.065295 0.082290 0.002982 0.181375 
270.500000 0.669052 0.064202 0.082290 0.002982 0.181475 
271.000000 0.669946 0.064003 0.081395 0.003180 0.181475 
271.500000 0.669251 0.064202 0.080898 0.003478 0.182171 
272.000000 0.672729 0.060724 0.081594 0.003280 0.181674 
272.500000 0.669946 0.063804 0.080799 0.003180 0.182270 
273.000000 0.669449 0.064103 0.080799 0.003379 0.182270 
273.500000 0.671636 0.061817 0.081395 0.003081 0.182071 
274.000000 0.673226 0.060127 0.080799 0.003677 0.182171 
274.500000 0.672928 0.060624 0.079905 0.003777 0.182767 
275.000000 0.672630 0.061121 0.080103 0.003379 0.182767 
275.500000 0.674518 0.059133 0.080302 0.003081 0.182966 
276.000000 0.677996 0.055953 0.080103 0.002982 0.182966 
276.500000 0.676704 0.057543 0.079308 0.003280 0.183164 
277.000000 0.674717 0.059630 0.079209 0.002882 0.183562 
277.500000 0.674319 0.059730 0.079308 0.003180 0.183463 
278.000000 0.674319 0.060425 0.079010 0.002683 0.183562 
278.500000 0.676506 0.058140 0.078513 0.002982 0.183860 
279.000000 0.675015 0.059332 0.078712 0.003180 0.183761 
279.500000 0.674021 0.060525 0.078215 0.003478 0.183761 
280.000000 0.674319 0.060326 0.078116 0.003379 0.183860 
280.500000 0.673922 0.060724 0.077718 0.003180 0.184456 
281.000000 0.672232 0.062910 0.077321 0.003478 0.184059 
281.500000 0.671338 0.063705 0.077022 0.003081 0.184854 
282.000000 0.673226 0.062016 0.077619 0.002882 0.184258 
282.500000 0.672431 0.062612 0.077321 0.003180 0.184456 
283.000000 0.675214 0.059730 0.077420 0.003280 0.184357 
283.500000 0.675412 0.059630 0.077420 0.003180 0.184357 
284.000000 0.676108 0.058736 0.077519 0.003180 0.184456 
284.500000 0.676804 0.058239 0.076923 0.003280 0.184755 
285.000000 0.674916 0.060525 0.076724 0.002982 0.184854 
285.500000 0.676903 0.058736 0.076227 0.002882 0.185251 
286.000000 0.677102 0.058636 0.076128 0.002783 0.185351 
286.500000 0.674916 0.060624 0.076128 0.002982 0.185351 
287.000000 0.674717 0.060525 0.075929 0.003180 0.185649 
287.500000 0.675015 0.060326 0.075432 0.003478 0.185748 
288.000000 0.675909 0.059630 0.076029 0.002783 0.185649 
288.500000 0.675810 0.059432 0.075631 0.003180 0.185947 
289.000000 0.675114 0.060227 0.075333 0.003379 0.185947 
289.500000 0.673922 0.061717 0.075134 0.003379 0.185848 
290.000000 0.677400 0.058438 0.074836 0.003379 0.185947 
290.500000 0.677102 0.058636 0.074240 0.003677 0.186345 
291.000000 0.677599 0.058239 0.074438 0.003379 0.186345 
291.500000 0.676506 0.059630 0.073842 0.003677 0.186345 
292.000000 0.674319 0.061916 0.073942 0.003379 0.186444 
292.500000 0.678195 0.057841 0.073445 0.003876 0.186643 
293.000000 0.678394 0.058140 0.072948 0.003876 0.186643 
293.500000 0.678394 0.057941 0.073544 0.003478 0.186643 
294.000000 0.677003 0.059332 0.073345 0.003578 0.186742 
294.500000 0.676108 0.060823 0.072650 0.003478 0.186941 
295.000000 0.676903 0.060326 0.072252 0.003280 0.187239 
295.500000 0.679587 0.057643 0.072252 0.003180 0.187339 
296.000000 0.677003 0.060425 0.071258 0.004075 0.187239 
296.500000 0.677003 0.060425 0.071358 0.003876 0.187339 
297.000000 0.675611 0.062115 0.071159 0.003578 0.187537 
297.500000 0.677201 0.060227 0.072252 0.003081 0.187239 
298.000000 0.679189 0.058537 0.071059 0.003280 0.187935 
298.500000 0.678394 0.059432 0.071457 0.003180 0.187537 
299.000000 0.679686 0.058140 0.071755 0.003180 0.187239 
299.500000 0.677996 0.059829 0.072153 0.002783 0.187239 
300.000000 0.679090 0.058636 0.071556 0.003280 0.187438 
300.500000 0.680282 0.057444 0.071755 0.002982 0.187537 
301.000000 0.679189 0.058438 0.071358 0.003280 0.187736 
301.500000 0.679984 0.058040 0.071358 0.003081 0.187537 
302.000000 0.678891 0.059133 0.070662 0.003478 0.187835 
302.500000 0.681674 0.056649 0.070861 0.002982 0.187835 
303.000000 0.680382 0.057742 0.070960 0.003280 0.187637 
303.500000 0.681177 0.057245 0.071358 0.002087 0.188134 
304.000000 0.679885 0.058537 0.070364 0.002683 0.188531 
304.500000 0.679984 0.058537 0.070364 0.002683 0.188432 
305.000000 0.682369 0.056450 0.070761 0.001690 0.188730 
305.500000 0.681972 0.056748 0.070662 0.002186 0.188432 
306.000000 0.680183 0.058438 0.070861 0.002385 0.188134 
306.500000 0.680282 0.057742 0.070960 0.002882 0.188134 
307.000000 0.678891 0.059630 0.070264 0.002683 0.188531 
307.500000 0.679587 0.058736 0.071159 0.001988 0.188531 
308.000000 0.679587 0.058835 0.070761 0.002087 0.188730 
308.500000 0.680481 0.058239 0.070165 0.002087 0.189028 
309.000000 0.680183 0.059034 0.069469 0.002087 0.189227 
309.500000 0.680083 0.059034 0.069569 0.002087 0.189227 
310.000000 0.679984 0.059133 0.069767 0.001988 0.189127 
310.500000 0.680879 0.058338 0.068972 0.002186 0.189624 
311.000000 0.681077 0.058636 0.068873 0.001988 0.189426 
311.500000 0.681276 0.058140 0.068774 0.002584 0.189227 
312.000000 0.681674 0.057941 0.068674 0.002186 0.189525 
312.500000 0.680183 0.059034 0.068873 0.002385 0.189525 
313.000000 0.680083 0.059531 0.067780 0.002683 0.189922 
313.500000 0.679388 0.060724 0.066985 0.002584 0.190320 
314.000000 0.678493 0.061320 0.067581 0.002485 0.190121 
314.500000 0.678692 0.061022 0.067680 0.002286 0.190320 
315.000000 0.683562 0.055953 0.066885 0.002882 0.190718 
315.500000 0.680580 0.058935 0.067581 0.002385 0.190519 
316.000000 0.681872 0.057941 0.067482 0.001888 0.190817 
316.500000 0.680879 0.058835 0.066985 0.002783 0.190519 
317.000000 0.681375 0.058537 0.067084 0.002485 0.190519 
317.500000 0.683860 0.055953 0.067084 0.002485 0.190618 
318.000000 0.683264 0.056450 0.067382 0.002286 0.190618 
318.500000 0.682469 0.057245 0.067183 0.002485 0.190618 
319.000000 0.684059 0.055854 0.067183 0.002584 0.190320 
319.500000 0.682369 0.057742 0.066587 0.002683 0.190618 
320.000000 0.680680 0.059133 0.066985 0.002584 0.190618 
320.500000 0.680879 0.059034 0.066786 0.002385 0.190916 
321.000000 0.683164 0.056947 0.066687 0.002385 0.190817 
321.500000 0.681773 0.058338 0.066090 0.002683 0.191115 
322.000000 0.681077 0.058736 0.066090 0.002783 0.191314 
322.500000 0.682866 0.056848 0.066388 0.002584 0.191314 
323.000000 0.683164 0.057146 0.065593 0.002683 0.191413 
323.500000 0.682667 0.057643 0.066786 0.001888 0.191016 
324.000000 0.682767 0.057444 0.066388 0.002485 0.190916 
324.500000 0.682171 0.058040 0.066587 0.002485 0.190718 
325.000000 0.680183 0.059730 0.066885 0.002286 0.190916 
325.500000 0.682568 0.057344 0.066885 0.002286 0.190916 
326.000000 0.680282 0.059928 0.066289 0.002485 0.191016 
326.500000 0.680282 0.060127 0.065991 0.002584 0.191016 
327.000000 0.681872 0.058438 0.066289 0.002286 0.191115 
327.500000 0.681773 0.058736 0.066388 0.002186 0.190916 
328.000000 0.682469 0.057941 0.066289 0.002286 0.191016 
328.500000 0.680779 0.059630 0.066488 0.001988 0.191115 
329.000000 0.680978 0.059332 0.066388 0.002385 0.190916 
329.500000 0.681077 0.059133 0.066090 0.002783 0.190916 
330.000000 0.681872 0.058537 0.065494 0.002882 0.191214 
330.500000 0.683164 0.056947 0.066090 0.002683 0.191115 
331.000000 0.683363 0.056848 0.065494 0.003280 0.191016 
331.500000 0.685550 0.054562 0.065295 0.003180 0.191413 
332.000000 0.685053 0.054760 0.064798 0.003677 0.191711 
332.500000 0.681773 0.058438 0.064599 0.003280 0.191910 
333.000000 0.683363 0.056748 0.064699 0.003081 0.192109 
333.500000 0.683264 0.057146 0.064997 0.002783 0.191811 
334.000000 0.682767 0.057344 0.064401 0.003180 0.192308 
334.500000 0.681077 0.059133 0.064401 0.003081 0.192308 
335.000000 0.681177 0.059233 0.064599 0.002783 0.192208 
335.500000 0.680779 0.059730 0.064898 0.002485 0.192109 
336.000000 0.680680 0.059928 0.064103 0.002982 0.192308 
336.500000 0.679686 0.060922 0.064401 0.002683 0.192308 
337.000000 0.679388 0.061519 0.064500 0.002286 0.192308 
337.500000 0.680083 0.060624 0.063904 0.002783 0.192606 
338.000000 0.682270 0.058736 0.063407 0.002683 0.192904 
338.500000 0.681375 0.059928 0.062711 0.002882 0.193103 
339.000000 0.680481 0.060525 0.062214 0.003677 0.193103 
339.500000 0.679885 0.060624 0.063307 0.002882 0.193302 
340.000000 0.680481 0.060227 0.062612 0.003180 0.193500 
340.500000 0.680580 0.060624 0.062512 0.002683 0.193600 
341.000000 0.678096 0.062910 0.062314 0.003081 0.193600 
341.500000 0.680580 0.060724 0.062214 0.002982 0.193500 
342.000000 0.681375 0.060028 0.062413 0.002982 0.193202 
342.500000 0.683363 0.058040 0.061916 0.003280 0.193401 
343.000000 0.683661 0.057742 0.062314 0.003478 0.192805 
343.500000 0.681972 0.059531 0.062115 0.003081 0.193302 
344.000000 0.680580 0.061022 0.062115 0.002783 0.193500 
344.500000 0.680779 0.060823 0.061121 0.003280 0.193997 
345.000000 0.680382 0.061121 0.061717 0.002683 0.194097 
345.500000 0.681077 0.060624 0.061817 0.002584 0.193898 
346.000000 0.680282 0.061220 0.061519 0.002982 0.193997 
346.500000 0.678493 0.063109 0.061419 0.002982 0.193997 
347.000000 0.678593 0.062811 0.061220 0.003478 0.193898 
347.500000 0.681276 0.060525 0.060724 0.003379 0.194097 
348.000000 0.679785 0.061817 0.061121 0.003379 0.193898 
348.500000 0.678891 0.062612 0.061220 0.003478 0.193798 
349.000000 0.678692 0.063109 0.061022 0.003180 0.193997 
349.500000 0.681276 0.060724 0.060326 0.003876 0.193798 
350.000000 0.680183 0.061519 0.060922 0.003578 0.193798 
350.500000 0.679686 0.062214 0.061320 0.003280 0.193500 
351.000000 0.678791 0.063009 0.061121 0.003180 0.193898 
351.500000 0.679984 0.061916 0.059928 0.004075 0.194097 
352.000000 0.678891 0.063109 0.060525 0.003578 0.193898 
