0.000000 0.480500 0.087000 0.259000 0.166000 0.007500 
0.500000 0.478000 0.088500 0.256500 0.169500 0.007500 
1.000000 0.478000 0.089000 0.256500 0.169000 0.007500 
1.500000 0.471000 0.096500 0.255500 0.169500 0.007500 
2.000000 0.468500 0.100000 0.263500 0.160000 0.008000 
2.500000 0.476000 0.093000 0.253500 0.170000 0.007500 
3.000000 0.467000 0.102000 0.253500 0.169500 0.008000 
3.500000 0.466000 0.104500 0.258500 0.162500 0.008500 
4.000000 0.475500 0.097000 0.250500 0.168500 0.008500 
4.500000 0.472000 0.100500 0.251500 0.166500 0.009500 
5.000000 0.466500 0.106000 0.247500 0.171000 0.009000 
5.500000 0.469500 0.102500 0.247000 0.172000 0.009000 
6.000000 0.457500 0.114500 0.247500 0.171500 0.009000 
6.500000 0.443000 0.127500 0.251000 0.169500 0.009000 
7.000000 0.432500 0.142500 0.249000 0.167000 0.009000 
7.500000 0.439500 0.136000 0.250500 0.164000 0.010000 
8.000000 0.428000 0.148000 0.252000 0.160500 0.011500 
8.500000 0.427500 0.149500 0.245500 0.164000 0.013500 
9.000000 0.428000 0.154500 0.251000 0.152500 0.014000 
9.500000 0.432500 0.151000 0.251000 0.146000 0.019500 
10.000000 0.433000 0.155500 0.246500 0.141500 0.023500 
10.500000 0.432500 0.159500 0.252000 0.129500 0.026500 
11.000000 0.433000 0.160000 0.250000 0.127000 0.030000 
11.500000 0.433000 0.164500 0.240500 0.127500 0.034500 
12.000000 0.439000 0.168500 0.237500 0.117000 0.038000 
12.500000 0.439500 0.167500 0.240500 0.112000 0.040500 
13.000000 0.444000 0.166000 0.242500 0.105000 0.042500 
13.500000 0.455500 0.155000 0.244000 0.100500 0.045000 
14.000000 0.457500 0.157500 0.239500 0.099000 0.046500 
14.500000 0.463000 0.152500 0.241000 0.095500 0.048000 
15.000000 0.459500 0.157000 0.246000 0.086500 0.051000 
15.500000 0.462500 0.155000 0.243500 0.087500 0.051500 
16.000000 0.464000 0.156000 0.245000 0.083000 0.052000 
16.500000 0.472000 0.150000 0.246000 0.079000 0.053000 
17.000000 0.482000 0.141500 0.246500 0.075500 0.054500 
17.500000 0.478000 0.145500 0.248000 0.073500 0.055000 
18.000000 0.485000 0.138500 0.252000 0.069500 0.055000 
18.500000 0.484000 0.139500 0.253500 0.067500 0.055500 
19.000000 0.495000 0.129000 0.255000 0.065500 0.055500 
19.500000 0.493000 0.133000 0.252500 0.064000 0.057500 
20.000000 0.495000 0.130000 0.254500 0.062000 0.058500 
20.500000 0.491500 0.136000 0.249500 0.064000 0.059000 
21.000000 0.505000 0.121500 0.254000 0.060500 0.059000 
21.500000 0.501000 0.127000 0.251500 0.060500 0.060000 
22.000000 0.501500 0.126000 0.251500 0.060500 0.060500 
22.500000 0.507500 0.121500 0.250500 0.060000 0.060500 
23.000000 0.505000 0.126000 0.254000 0.054000 0.061000 
23.500000 0.514500 0.120000 0.250000 0.053000 0.062500 
24.000000 0.510000 0.124000 0.252500 0.051000 0.062500 
24.500000 0.517000 0.117500 0.249500 0.053000 0.063000 
25.000000 0.520500 0.115000 0.250000 0.051000 0.063500 
25.500000 0.520000 0.116000 0.254000 0.047000 0.063000 
26.000000 0.522500 0.112500 0.253000 0.048500 0.063500 
26.500000 0.532000 0.103500 0.249500 0.050500 0.064500 
27.000000 0.538000 0.099500 0.251000 0.047000 0.064500 
27.500000 0.531500 0.106000 0.251500 0.046500 0.064500 
28.000000 0.534500 0.102500 0.253500 0.044500 0.065000 
28.500000 0.532000 0.105500 0.254500 0.043500 0.064500 
29.000000 0.532000 0.106500 0.254000 0.042000 0.065500 
29.500000 0.542000 0.098500 0.249000 0.044000 0.066500 
30.000000 0.537500 0.102500 0.248000 0.044000 0.068000 
30.500000 0.551000 0.089000 0.247000 0.043000 0.070000 
31.000000 0.548500 0.095500 0.244000 0.042000 0.070000 
31.500000 0.556500 0.087000 0.245500 0.040000 0.071000 
32.000000 0.561000 0.083500 0.242500 0.041500 0.071500 
32.500000 0.561000 0.083500 0.244000 0.040500 0.071000 
33.000000 0.557500 0.087500 0.247000 0.038500 0.069500 
33.500000 0.557500 0.089000 0.245500 0.038500 0.069500 
34.000000 0.562500 0.085000 0.246500 0.037000 0.069000 
34.500000 0.565500 0.083000 0.245000 0.036500 0.070000 
35.000000 0.563000 0.084500 0.245500 0.036000 0.071000 
35.500000 0.569500 0.079000 0.246500 0.033500 0.071500 
36.000000 0.571000 0.079500 0.246000 0.031000 0.072500 
36.500000 0.575500 0.075500 0.245500 0.031500 0.072000 
37.000000 0.572500 0.077000 0.245500 0.032500 0.072500 
37.500000 0.576000 0.075500 0.241500 0.033500 0.073500 
38.000000 0.570500 0.080500 0.243500 0.032500 0.073000 
38.500000 0.569000 0.082000 0.244500 0.031000 0.073500 
39.000000 0.570000 0.080500 0.242500 0.033000 0.074000 
39.500000 0.568500 0.083000 0.243000 0.030000 0.075500 
40.000000 0.578500 0.074000 0.244500 0.028500 0.074500 
40.500000 0.581000 0.071000 0.244500 0.028000 0.075500 
41.000000 0.582000 0.071500 0.243500 0.027000 0.076000 
41.500000 0.581000 0.072500 0.242500 0.028000 0.076000 
42.000000 0.579500 0.074000 0.241500 0.026500 0.078500 
42.500000 0.582000 0.073000 0.240500 0.026000 0.078500 
43.000000 0.586000 0.069000 0.242000 0.025000 0.078000 
43.500000 0.584500 0.069500 0.240000 0.026500 0.079500 
44.000000 0.586000 0.068500 0.242000 0.024000 0.079500 
44.500000 0.587500 0.067000 0.241500 0.023500 0.080500 
45.000000 0.587000 0.068000 0.242000 0.022000 0.081000 
45.500000 0.588000 0.067000 0.242500 0.021500 0.081000 
46.000000 0.588000 0.066500 0.240500 0.023000 0.082000 
46.500000 0.585000 0.070500 0.240500 0.021000 0.083000 
47.000000 0.580500 0.074500 0.238000 0.023500 0.083500 
47.500000 0.583000 0.073500 0.235000 0.024500 0.084000 
48.000000 0.584000 0.072000 0.236500 0.022500 0.085000 
48.500000 0.584500 0.070500 0.236500 0.023000 0.085500 
49.000000 0.586500 0.071000 0.234500 0.022000 0.086000 
49.500000 0.586500 0.071000 0.233000 0.022500 0.087000 
50.000000 0.589500 0.069000 0.229500 0.023500 0.088500 
50.500000 0.590000 0.070000 0.227500 0.023500 0.089000 
51.000000 0.593000 0.066500 0.230000 0.021500 0.089000 
51.500000 0.591000 0.068000 0.228500 0.023000 0.089500 
52.000000 0.590000 0.068000 0.231000 0.021500 0.089500 
52.500000 0.591000 0.068500 0.230000 0.021000 0.089500 
53.000000 0.591000 0.069500 0.234000 0.016000 0.089500 
53.500000 0.590000 0.071000 0.232000 0.018000 0.089000 
54.000000 0.599000 0.062500 0.232000 0.017500 0.089000 
54.500000 0.604000 0.059000 0.232000 0.016000 0.089000 
55.000000 0.596500 0.065500 0.231500 0.017000 0.089500 
55.500000 0.601000 0.063000 0.232000 0.015000 0.089000 
56.000000 0.597500 0.065000 0.231500 0.017000 0.089000 
56.500000 0.590500 0.071500 0.232500 0.015000 0.090500 
57.000000 0.595000 0.066500 0.231500 0.016500 0.090500 
57.500000 0.592500 0.070500 0.232000 0.015000 0.090000 
58.000000 0.594500 0.068500 0.231000 0.015000 0.091000 
58.500000 0.601000 0.062000 0.228500 0.016000 0.092500 
59.000000 0.605500 0.057500 0.232000 0.014000 0.091000 
59.500000 0.609500 0.054500 0.231500 0.013500 0.091000 
60.000000 0.611500 0.053000 0.227000 0.016500 0.092000 
60.500000 0.612500 0.053000 0.225500 0.016000 0.093000 
61.000000 0.611000 0.055000 0.227000 0.014500 0.092500 
61.500000 0.614000 0.052000 0.225000 0.016000 0.093000 
62.000000 0.615500 0.050500 0.224500 0.016000 0.093500 
62.500000 0.612000 0.055500 0.225000 0.014000 0.093500 
63.000000 0.613000 0.054500 0.226500 0.011500 0.094500 
63.500000 0.617500 0.051500 0.225500 0.011000 0.094500 
64.000000 0.616000 0.052500 0.224500 0.012000 0.095000 
64.500000 0.614000 0.055000 0.224000 0.012000 0.095000 
65.000000 0.617000 0.052500 0.224500 0.010000 0.096000 
65.500000 0.617000 0.053000 0.225000 0.008500 0.096500 
66.000000 0.615500 0.054500 0.223000 0.011500 0.095500 
66.500000 0.610500 0.059500 0.225000 0.009500 0.095500 
67.000000 0.608000 0.064000 0.220500 0.011000 0.096500 
67.500000 0.609500 0.062500 0.222000 0.009000 0.097000 
68.000000 0.599500 0.071500 0.222000 0.010000 0.097000 
68.500000 0.604500 0.067000 0.220500 0.009000 0.099000 
69.000000 0.611000 0.061500 0.219000 0.009500 0.099000 
69.500000 0.603000 0.069000 0.218500 0.010000 0.099500 
70.000000 0.600500 0.070000 0.219500 0.011000 0.099000 
70.500000 0.601500 0.072500 0.217500 0.009000 0.099500 
71.000000 0.600500 0.073500 0.216500 0.010000 0.099500 
71.500000 0.603500 0.070000 0.214000 0.012000 0.100500 
72.000000 0.605500 0.068500 0.214500 0.011500 0.100000 
72.500000 0.610500 0.065000 0.214000 0.011000 0.099500 
73.000000 0.609500 0.066000 0.212500 0.012000 0.100000 
73.500000 0.613500 0.064000 0.212000 0.010000 0.100500 
74.000000 0.619000 0.059000 0.212500 0.008500 0.101000 
74.500000 0.620500 0.058500 0.212000 0.008500 0.100500 
75.000000 0.621500 0.057500 0.214000 0.007000 0.100000 
75.500000 0.618000 0.060000 0.214000 0.008000 0.100000 
76.000000 0.618000 0.060000 0.212000 0.009500 0.100500 
76.500000 0.617500 0.062000 0.211000 0.007500 0.102000 
77.000000 0.623500 0.056500 0.208500 0.009000 0.102500 
77.500000 0.620500 0.060000 0.208500 0.008500 0.102500 
78.000000 0.615000 0.065500 0.204000 0.012000 0.103500 
78.500000 0.618500 0.060500 0.206000 0.011000 0.104000 
79.000000 0.620500 0.058500 0.205500 0.011500 0.104000 
79.500000 0.623500 0.057000 0.203500 0.011500 0.104500 
80.000000 0.625000 0.055500 0.203000 0.011500 0.105000 
80.500000 0.624500 0.056000 0.203500 0.011000 0.105000 
81.000000 0.623000 0.059000 0.202000 0.010000 0.106000 
81.500000 0.625500 0.056500 0.199500 0.011500 0.107000 
82.000000 0.628000 0.054000 0.199000 0.011000 0.108000 
82.500000 0.622000 0.060000 0.199500 0.010500 0.108000 
83.000000 0.627000 0.054500 0.200000 0.009500 0.109000 
83.500000 0.622000 0.060000 0.199500 0.011000 0.107500 
84.000000 0.620500 0.061500 0.199000 0.010500 0.108500 
84.500000 0.625500 0.057000 0.200500 0.008000 0.109000 
85.000000 0.624500 0.059000 0.199000 0.007500 0.110000 
85.500000 0.623000 0.060500 0.200000 0.006500 0.110000 
86.000000 0.628500 0.055500 0.201000 0.005000 0.110000 
86.500000 0.626500 0.057000 0.200000 0.006500 0.110000 
87.000000 0.628500 0.055500 0.199000 0.006500 0.110500 
87.500000 0.632000 0.053500 0.198000 0.006000 0.110500 
88.000000 0.627000 0.057000 0.197000 0.008500 0.110500 
88.500000 0.627000 0.058500 0.197000 0.007000 0.110500 
89.000000 0.625000 0.061000 0.196500 0.007000 0.110500 
89.500000 0.629500 0.056500 0.195500 0.007500 0.111000 
90.000000 0.636500 0.048000 0.196500 0.007000 0.112000 
90.500000 0.628500 0.057000 0.195000 0.007000 0.112500 
91.000000 0.631500 0.055500 0.194500 0.005500 0.113000 
91.500000 0.636500 0.050500 0.195500 0.004500 0.113000 
92.000000 0.630500 0.056500 0.194500 0.005000 0.113500 
92.500000 0.628000 0.059000 0.194500 0.006500 0.112000 
93.000000 0.633000 0.054000 0.194000 0.006000 0.113000 
93.500000 0.631000 0.056500 0.195500 0.004000 0.113000 
94.000000 0.630500 0.056500 0.196000 0.003500 0.113500 
94.500000 0.633500 0.053000 0.194000 0.005500 0.114000 
95.000000 0.628500 0.060000 0.191500 0.005000 0.115000 
95.500000 0.629500 0.059500 0.189000 0.007000 0.115000 
96.000000 0.634500 0.053500 0.190000 0.006000 0.116000 
96.500000 0.628000 0.060500 0.190000 0.005500 0.116000 
97.000000 0.627500 0.060500 0.187500 0.008500 0.116000 
97.500000 0.625000 0.063500 0.187500 0.007000 0.117000 
98.000000 0.624500 0.064000 0.186500 0.008000 0.117000 
98.500000 0.629500 0.059000 0.187500 0.006500 0.117500 
99.000000 0.624000 0.065000 0.187000 0.006500 0.117500 
99.500000 0.618000 0.071500 0.187500 0.005000 0.118000 
100.000000 0.624000 0.065500 0.186000 0.005000 0.119500 
100.500000 0.626500 0.063000 0.186500 0.004500 0.119500 
101.000000 0.630000 0.059500 0.185500 0.005500 0.119500 
101.500000 0.630000 0.059000 0.184000 0.006500 0.120500 
102.000000 0.630500 0.058000 0.186000 0.005500 0.120000 
102.500000 0.626500 0.063000 0.185500 0.005500 0.119500 
103.000000 0.632500 0.056500 0.184000 0.006500 0.120500 
103.500000 0.627500 0.062500 0.184500 0.004500 0.121000 
104.000000 0.628000 0.062500 0.182500 0.006000 0.121000 
104.500000 0.630000 0.061000 0.182500 0.005500 0.121000 
105.000000 0.630500 0.061500 0.180000 0.005500 0.122500 
105.500000 0.629500 0.062000 0.181000 0.005500 0.122000 
106.000000 0.628500 0.063000 0.180000 0.006000 0.122500 
106.500000 0.632000 0.060000 0.181000 0.005000 0.122000 
107.000000 0.629500 0.063000 0.181000 0.005000 0.121500 
107.500000 0.629500 0.063500 0.179500 0.006000 0.121500 
108.000000 0.628500 0.064500 0.181000 0.005000 0.121000 
108.500000 0.631000 0.061500 0.179000 0.006000 0.122500 
109.000000 0.630000 0.062500 0.178000 0.006000 0.123500 
109.500000 0.629000 0.064000 0.178000 0.006000 0.123000 
110.000000 0.629000 0.064500 0.174500 0.007000 0.125000 
110.500000 0.633500 0.061000 0.174500 0.006000 0.125000 
111.000000 0.634500 0.060000 0.175000 0.005000 0.125500 
111.500000 0.635500 0.059000 0.176000 0.004000 0.125500 
112.000000 0.637500 0.057500 0.175000 0.005000 0.125000 
112.500000 0.637500 0.057000 0.173000 0.006500 0.126000 
113.000000 0.641500 0.053500 0.172500 0.006000 0.126500 
113.500000 0.640000 0.055000 0.173500 0.005000 0.126500 
114.000000 0.644000 0.051500 0.173500 0.004500 0.126500 
114.500000 0.635500 0.060000 0.173000 0.004500 0.127000 
115.000000 0.642500 0.053000 0.173000 0.004500 0.127000 
115.500000 0.644500 0.050000 0.172500 0.005500 0.127500 
116.000000 0.640000 0.054000 0.172000 0.006000 0.128000 
116.500000 0.644500 0.050000 0.170000 0.006500 0.129000 
117.000000 0.639000 0.056000 0.170000 0.006500 0.128500 
117.500000 0.644500 0.050500 0.169000 0.007000 0.129000 
118.000000 0.642000 0.053000 0.169500 0.005500 0.130000 
118.500000 0.643500 0.052500 0.169500 0.006000 0.128500 
119.000000 0.642000 0.053500 0.169500 0.006000 0.129000 
119.500000 0.641500 0.054000 0.168000 0.006000 0.130500 
120.000000 0.638000 0.057500 0.169000 0.005000 0.130500 
120.500000 0.643500 0.052000 0.167500 0.005500 0.131500 
121.000000 0.646500 0.049000 0.166500 0.006500 0.131500 
121.500000 0.644000 0.051000 0.166500 0.006000 0.132500 
122.000000 0.642000 0.052500 0.167500 0.005500 0.132500 
122.500000 0.645000 0.050500 0.164000 0.008000 0.132500 
123.000000 0.645500 0.050500 0.162500 0.008500 0.133000 
123.500000 0.640000 0.056500 0.161000 0.009000 0.133500 
124.000000 0.643000 0.052500 0.162000 0.009000 0.133500 
124.500000 0.636000 0.059500 0.163500 0.007500 0.133500 
125.000000 0.636500 0.058500 0.162500 0.008500 0.134000 
125.500000 0.642000 0.053000 0.163500 0.007500 0.134000 
126.000000 0.641500 0.053500 0.164500 0.007000 0.133500 
126.500000 0.643000 0.052500 0.164000 0.007000 0.133500 
127.000000 0.643500 0.052000 0.162500 0.007000 0.135000 
127.500000 0.640500 0.055000 0.163000 0.007000 0.134500 
128.000000 0.637000 0.058500 0.163000 0.007000 0.134500 
128.500000 0.637500 0.058000 0.162500 0.007500 0.134500 
129.000000 0.642500 0.053000 0.160500 0.009000 0.135000 
129.500000 0.637500 0.057500 0.161000 0.008000 0.136000 
130.000000 0.641000 0.055500 0.160000 0.008000 0.135500 
130.500000 0.642500 0.054000 0.159000 0.008500 0.136000 
131.000000 0.644500 0.051500 0.160500 0.007500 0.136000 
131.500000 0.642000 0.054500 0.161000 0.006500 0.136000 
132.000000 0.641500 0.055000 0.161000 0.006500 0.136000 
132.500000 0.638000 0.060000 0.158500 0.007000 0.136500 
133.000000 0.637000 0.060500 0.159000 0.007000 0.136500 
133.500000 0.637500 0.060000 0.159000 0.007000 0.136500 
134.000000 0.643000 0.055500 0.158500 0.006000 0.137000 
134.500000 0.642500 0.056500 0.156500 0.007500 0.137000 
135.000000 0.647500 0.051500 0.156500 0.006500 0.138000 
135.500000 0.647500 0.051500 0.155500 0.008000 0.137500 
136.000000 0.640000 0.059000 0.155500 0.007500 0.138000 
136.500000 0.642500 0.056000 0.157000 0.007000 0.137500 
137.000000 0.639500 0.059000 0.157500 0.006500 0.137500 
137.500000 0.639500 0.059000 0.157500 0.006500 0.137500 
138.000000 0.638000 0.060000 0.158500 0.005500 0.138000 
138.500000 0.643000 0.056000 0.157500 0.005500 0.138000 
139.000000 0.640000 0.059000 0.157500 0.005500 0.138000 
139.500000 0.635000 0.064500 0.156500 0.004500 0.139500 
140.000000 0.639500 0.060500 0.154000 0.006000 0.140000 
140.500000 0.637500 0.063000 0.154500 0.004500 0.140500 
141.000000 0.638000 0.062500 0.155000 0.004000 0.140500 
141.500000 0.639000 0.062500 0.154500 0.003500 0.140500 
142.000000 0.634000 0.067000 0.151000 0.006500 0.141500 
142.500000 0.637000 0.064000 0.153000 0.004500 0.141500 
143.000000 0.637000 0.064500 0.152000 0.005000 0.141500 
143.500000 0.635500 0.066000 0.151000 0.005000 0.142500 
144.000000 0.632000 0.069000 0.150500 0.005000 0.143500 
144.500000 0.635000 0.065500 0.151500 0.004000 0.144000 
145.000000 0.633000 0.068500 0.148500 0.006000 0.144000 
145.500000 0.638500 0.063500 0.146500 0.007500 0.144000 
146.000000 0.634000 0.067500 0.149000 0.005500 0.144000 
146.500000 0.635000 0.067000 0.147000 0.007000 0.144000 
147.000000 0.633500 0.069000 0.148000 0.006000 0.143500 
147.500000 0.636500 0.067500 0.146500 0.006000 0.143500 
148.000000 0.633000 0.070000 0.146000 0.006500 0.144500 
148.500000 0.635500 0.069000 0.146500 0.005500 0.143500 
149.000000 0.642000 0.061500 0.145000 0.007000 0.144500 
149.500000 0.640500 0.063500 0.143000 0.008500 0.144500 
150.000000 0.635500 0.068500 0.144000 0.007500 0.144500 
150.500000 0.643000 0.061500 0.143500 0.007500 0.144500 
151.000000 0.643500 0.062000 0.144500 0.005000 0.145000 
151.500000 0.643500 0.063500 0.145000 0.003500 0.144500 
152.000000 0.645000 0.061000 0.144000 0.004500 0.145500 
152.500000 0.642500 0.064000 0.145500 0.003000 0.145000 
153.000000 0.643000 0.065000 0.143000 0.004000 0.145000 
153.500000 0.642500 0.065500 0.142500 0.004500 0.145000 
154.000000 0.637500 0.070000 0.142000 0.004500 0.146000 
154.500000 0.643500 0.064500 0.141000 0.005500 0.145500 
155.000000 0.643500 0.064500 0.139500 0.007000 0.145500 
155.500000 0.645000 0.062500 0.139000 0.007000 0.146500 
156.000000 0.645000 0.063000 0.141500 0.004500 0.146000 
156.500000 0.647000 0.060500 0.139000 0.007500 0.146000 
157.000000 0.645000 0.063500 0.141000 0.004500 0.146000 
157.500000 0.638500 0.070000 0.140000 0.005000 0.146500 
158.000000 0.645000 0.063000 0.140500 0.004000 0.147500 
158.500000 0.649000 0.059000 0.140500 0.004000 0.147500 
159.000000 0.648000 0.060000 0.140000 0.004000 0.148000 
159.500000 0.645500 0.063000 0.139000 0.004500 0.148000 
160.000000 0.646500 0.062500 0.138500 0.004500 0.148000 
160.500000 0.649000 0.060000 0.140000 0.003000 0.148000 
161.000000 0.652500 0.056500 0.139000 0.003500 0.148500 
161.500000 0.652500 0.056500 0.140000 0.003000 0.148000 
162.000000 0.658000 0.051500 0.138500 0.003500 0.148500 
162.500000 0.655500 0.054000 0.136500 0.005500 0.148500 
163.000000 0.656000 0.053500 0.137500 0.004500 0.148500 
163.500000 0.652500 0.056500 0.137000 0.005000 0.149000 
164.000000 0.653500 0.055500 0.137000 0.004500 0.149500 
164.500000 0.658500 0.051000 0.136000 0.005000 0.149500 
165.000000 0.656500 0.054000 0.135500 0.004500 0.149500 
165.500000 0.654500 0.056000 0.135000 0.004500 0.150000 
166.000000 0.657000 0.053500 0.135000 0.003500 0.151000 
166.500000 0.659500 0.052000 0.133500 0.004000 0.151000 
167.000000 0.656000 0.054500 0.133500 0.004000 0.152000 
167.500000 0.654000 0.056000 0.134000 0.004500 0.151500 
168.000000 0.656500 0.054000 0.134000 0.004000 0.151500 
168.500000 0.660000 0.050000 0.135000 0.003500 0.151500 
169.000000 0.658000 0.052000 0.134000 0.003500 0.152500 
169.500000 0.660500 0.048500 0.134000 0.005000 0.152000 
170.000000 0.664000 0.045500 0.134500 0.004000 0.152000 
170.500000 0.664000 0.046000 0.134500 0.003500 0.152000 
171.000000 0.659500 0.051000 0.133000 0.004000 0.152500 
171.500000 0.660500 0.050000 0.132500 0.004000 0.153000 
172.000000 0.657500 0.052500 0.130500 0.006500 0.153000 
172.500000 0.655500 0.054500 0.133000 0.005000 0.152000 
173.000000 0.654500 0.055500 0.132500 0.005000 0.152500 
173.500000 0.660500 0.050000 0.131000 0.005500 0.153000 
174.000000 0.653500 0.057500 0.130500 0.005500 0.153000 
174.500000 0.653500 0.058000 0.131000 0.005000 0.152500 
175.000000 0.652500 0.059000 0.130000 0.005500 0.153000 
175.500000 0.652500 0.059000 0.129500 0.006000 0.153000 
176.000000 0.650000 0.061500 0.129500 0.004500 0.154500 
176.500000 0.648500 0.063500 0.128500 0.005000 0.154500 
177.000000 0.657000 0.053500 0.129000 0.006000 0.154500 
177.500000 0.653000 0.058000 0.129500 0.004500 0.155000 
178.000000 0.653000 0.058000 0.128500 0.005500 0.155000 
178.500000 0.657500 0.053500 0.129500 0.005500 0.154000 
179.000000 0.657000 0.055000 0.128500 0.005000 0.154500 
179.500000 0.656000 0.055500 0.128500 0.005500 0.154500 
180.000000 0.658000 0.054500 0.128000 0.005000 0.154500 
180.500000 0.656500 0.056000 0.127000 0.005000 0.155500 
181.000000 0.646000 0.066000 0.128500 0.003500 0.156000 
181.500000 0.649500 0.064000 0.126500 0.004500 0.155500 
182.000000 0.654500 0.058500 0.127500 0.004500 0.155000 
182.500000 0.657000 0.056500 0.127500 0.004000 0.155000 
183.000000 0.657000 0.058000 0.125500 0.004000 0.155500 
183.500000 0.655000 0.059500 0.126000 0.004500 0.155000 
184.000000 0.658000 0.056000 0.127000 0.003500 0.155500 
184.500000 0.661500 0.053500 0.126500 0.003500 0.155000 
185.000000 0.665000 0.050000 0.124000 0.005500 0.155500 
185.500000 0.666500 0.049000 0.125000 0.004000 0.155500 
186.000000 0.664000 0.051500 0.125000 0.004000 0.155500 
186.500000 0.663000 0.052500 0.124000 0.004500 0.156000 
187.000000 0.665500 0.051000 0.123000 0.004500 0.156000 
187.500000 0.664000 0.051000 0.124500 0.004500 0.156000 
188.000000 0.669500 0.046500 0.124000 0.004000 0.156000 
188.500000 0.667000 0.049500 0.122500 0.005000 0.156000 
189.000000 0.663500 0.053000 0.121000 0.005000 0.157500 
189.500000 0.660500 0.055000 0.120000 0.007000 0.157500 
190.000000 0.662000 0.054000 0.120000 0.006000 0.158000 
190.500000 0.668500 0.049500 0.119500 0.005000 0.157500 
191.000000 0.669500 0.048000 0.119000 0.005500 0.158000 
191.500000 0.670000 0.048000 0.119000 0.005000 0.158000 
192.000000 0.671000 0.047000 0.120000 0.004500 0.157500 
192.500000 0.667000 0.050000 0.121000 0.004500 0.157500 
193.000000 0.667000 0.050000 0.122000 0.004500 0.156500 
193.500000 0.671000 0.046500 0.120000 0.005000 0.157500 
194.000000 0.671000 0.046500 0.120500 0.005000 0.157000 
194.500000 0.671500 0.045500 0.120000 0.004500 0.158500 
195.000000 0.670500 0.047000 0.118500 0.005500 0.158500 
195.500000 0.670500 0.046500 0.119500 0.005000 0.158500 
196.000000 0.665000 0.052000 0.119500 0.004500 0.159000 
196.500000 0.665000 0.053000 0.119500 0.004000 0.158500 
197.000000 0.663500 0.054000 0.118000 0.005500 0.159000 
197.500000 0.660500 0.056500 0.118500 0.005500 0.159000 
198.000000 0.661000 0.057000 0.118000 0.005000 0.159000 
198.500000 0.661500 0.055500 0.118500 0.005000 0.159500 
199.000000 0.668000 0.050500 0.119000 0.003500 0.159000 
199.500000 0.661500 0.058000 0.117000 0.004000 0.159500 
200.000000 0.663500 0.057000 0.115000 0.004500 0.160000 
200.500000 0.666000 0.053500 0.115000 0.005000 0.160500 
201.000000 0.668000 0.051000 0.115000 0.004500 0.161500 
201.500000 0.662000 0.057500 0.114500 0.004500 0.161500 
202.000000 0.664000 0.055500 0.114000 0.005000 0.161500 
202.500000 0.663500 0.057000 0.112500 0.005000 0.162000 
203.000000 0.660500 0.059000 0.114500 0.004500 0.161500 
203.500000 0.656500 0.064000 0.114500 0.004000 0.161000 
204.000000 0.663000 0.058000 0.113000 0.005000 0.161000 
204.500000 0.662000 0.059500 0.112000 0.005000 0.161500 
205.000000 0.664500 0.056500 0.112000 0.006000 0.161000 
205.500000 0.664000 0.057500 0.110500 0.006000 0.162000 
206.000000 0.663500 0.058000 0.111500 0.005000 0.162000 
206.500000 0.663000 0.058500 0.110500 0.006000 0.162000 
207.000000 0.660500 0.060500 0.112000 0.004500 0.162500 
207.500000 0.661500 0.060500 0.110000 0.005500 0.162500 
208.000000 0.659000 0.062500 0.111000 0.005000 0.162500 
208.500000 0.661500 0.061500 0.110000 0.005000 0.162000 
209.000000 0.664000 0.058500 0.110000 0.004000 0.163500 
209.500000 0.663000 0.060000 0.109000 0.004500 0.163500 
210.000000 0.663000 0.060000 0.108000 0.004000 0.165000 
210.500000 0.660000 0.062500 0.108000 0.004000 0.165500 
211.000000 0.657500 0.065000 0.106500 0.005500 0.165500 
211.500000 0.663500 0.060000 0.105000 0.005000 0.166500 
212.000000 0.666500 0.057500 0.103000 0.006500 0.166500 
212.500000 0.665000 0.058000 0.106000 0.004500 0.166500 
213.000000 0.665500 0.057000 0.107000 0.004500 0.166000 
213.500000 0.666000 0.057000 0.106000 0.005000 0.166000 
214.000000 0.663500 0.058500 0.106000 0.006000 0.166000 
214.500000 0.672000 0.050500 0.106500 0.005000 0.166000 
215.000000 0.667500 0.055500 0.105500 0.005500 0.166000 
215.500000 0.667000 0.056000 0.107500 0.004000 0.165500 
216.000000 0.664500 0.057500 0.106500 0.004500 0.167000 
216.500000 0.667000 0.055500 0.106000 0.005000 0.166500 
217.000000 0.663500 0.058500 0.106500 0.004500 0.167000 
217.500000 0.664000 0.059000 0.106000 0.003500 0.167500 
218.000000 0.668000 0.055000 0.105000 0.004000 0.168000 
218.500000 0.664000 0.059000 0.104000 0.004000 0.169000 
219.000000 0.663500 0.059000 0.103000 0.005000 0.169500 
219.500000 0.660000 0.063000 0.104000 0.004000 0.169000 
220.000000 0.673500 0.049500 0.104000 0.003500 0.169500 
220.500000 0.666000 0.057500 0.102500 0.004500 0.169500 
221.000000 0.666000 0.056500 0.103500 0.005000 0.169000 
221.500000 0.664000 0.060000 0.102000 0.005000 0.169000 
222.000000 0.665000 0.059000 0.102500 0.004000 0.169500 
222.500000 0.664500 0.059500 0.102500 0.004000 0.169500 
223.000000 0.665500 0.058500 0.101500 0.004000 0.170500 
223.500000 0.665500 0.058500 0.100500 0.005000 0.170500 
224.000000 0.666500 0.057500 0.101500 0.003500 0.171000 
224.500000 0.662500 0.061500 0.101000 0.003500 0.171500 
225.000000 0.663000 0.060500 0.102000 0.003500 0.171000 
225.500000 0.663000 0.061500 0.101500 0.003000 0.171000 
226.000000 0.665500 0.058500 0.100500 0.004500 0.171000 
226.500000 0.667500 0.056500 0.100500 0.004500 0.171000 
227.000000 0.670500 0.053500 0.101500 0.004000 0.170500 
227.500000 0.670000 0.054000 0.101500 0.003500 0.171000 
228.000000 0.671000 0.054000 0.101500 0.002500 0.171000 
228.500000 0.671000 0.055000 0.100000 0.003000 0.171000 
229.000000 0.672000 0.054000 0.099500 0.003500 0.171000 
229.500000 0.668000 0.057500 0.100000 0.004000 0.170500 
230.000000 0.674000 0.051000 0.100000 0.005000 0.170000 
230.500000 0.673500 0.051500 0.098000 0.005500 0.171500 
231.000000 0.671000 0.053500 0.097500 0.006000 0.172000 
231.500000 0.671000 0.054000 0.098500 0.005000 0.171500 
232.000000 0.670000 0.055500 0.098000 0.004000 0.172500 
232.500000 0.669500 0.056000 0.098000 0.004500 0.172000 
233.000000 0.666000 0.059500 0.096000 0.006500 0.172000 
233.500000 0.669500 0.057000 0.096000 0.005000 0.172500 
234.000000 0.668000 0.059000 0.095500 0.005000 0.172500 
234.500000 0.672000 0.054500 0.096000 0.005000 0.172500 
235.000000 0.666000 0.060500 0.096500 0.004500 0.172500 
235.500000 0.671000 0.055500 0.096500 0.004500 0.172500 
236.000000 0.671500 0.054500 0.096000 0.004500 0.173500 
236.500000 0.671000 0.055500 0.095000 0.005000 0.173500 
237.000000 0.672500 0.054000 0.095500 0.004000 0.174000 
237.500000 0.674000 0.053000 0.095000 0.004000 0.174000 
238.000000 0.674000 0.053000 0.095500 0.003000 0.174500 
238.500000 0.679000 0.047000 0.095000 0.004000 0.175000 
239.000000 0.675500 0.051000 0.095500 0.003500 0.174500 
239.500000 0.672500 0.054500 0.094500 0.004000 0.174500 
240.000000 0.675000 0.052000 0.095000 0.003000 0.175000 
240.500000 0.678000 0.049000 0.096000 0.002500 0.174500 
241.000000 0.678000 0.048000 0.095000 0.004500 0.174500 
241.500000 0.677500 0.050500 0.094000 0.003000 0.175000 
242.000000 0.672500 0.055000 0.095500 0.003000 0.174000 
242.500000 0.677500 0.049500 0.095000 0.003500 0.174500 
243.000000 0.680000 0.049000 0.093500 0.002500 0.175000 
243.500000 0.677000 0.051500 0.095500 0.002500 0.173500 
244.000000 0.673500 0.055500 0.093500 0.003500 0.174000 
244.500000 0.673500 0.055000 0.093000 0.004000 0.174500 
245.000000 0.672500 0.056000 0.093000 0.004500 0.174000 
245.500000 0.672000 0.056500 0.094000 0.003500 0.174000 
246.000000 0.674500 0.053000 0.094500 0.004000 0.174000 
246.500000 0.667000 0.060500 0.093500 0.004500 0.174500 
247.000000 0.668500 0.059500 0.094000 0.003500 0.174500 
247.500000 0.675000 0.054000 0.093500 0.003500 0.174000 
248.000000 0.672500 0.056500 0.092500 0.004500 0.174000 
248.500000 0.668000 0.060500 0.091500 0.005000 0.175000 
249.000000 0.671500 0.057500 0.092500 0.003500 0.175000 
249.500000 0.676000 0.054000 0.091500 0.004000 0.174500 
250.000000 0.676000 0.053000 0.092500 0.004500 0.174000 
250.500000 0.676000 0.052500 0.093000 0.004500 0.174000 
251.000000 0.674000 0.055000 0.092000 0.004500 0.174500 
251.500000 0.673000 0.056000 0.091000 0.005500 0.174500 
252.000000 0.675000 0.053500 0.093000 0.004000 0.174500 
252.500000 0.677000 0.051500 0.093500 0.004000 0.174000 
253.000000 0.678000 0.051000 0.092000 0.004000 0.175000 
253.500000 0.683000 0.045000 0.091500 0.004500 0.176000 
254.000000 0.674500 0.053500 0.091000 0.005000 0.176000 
254.500000 0.676000 0.052500 0.091000 0.005000 0.175500 
255.000000 0.671500 0.059500 0.089000 0.004000 0.176000 
255.500000 0.675000 0.056000 0.090500 0.003000 0.175500 
256.000000 0.675000 0.055500 0.090000 0.004000 0.175500 
256.500000 0.672500 0.058000 0.090500 0.003500 0.175500 
257.000000 0.676000 0.054500 0.089000 0.003500 0.177000 
257.500000 0.677500 0.054000 0.086500 0.005500 0.176500 
258.000000 0.674000 0.057500 0.086000 0.005500 0.177000 
258.500000 0.670500 0.060000 0.086000 0.005500 0.178000 
259.000000 0.673500 0.057500 0.086500 0.005000 0.177500 
259.500000 0.670000 0.060500 0.088000 0.004500 0.177000 
260.000000 0.671000 0.059500 0.087500 0.004500 0.177500 
260.500000 0.668500 0.062000 0.087500 0.004000 0.178000 
261.000000 0.673500 0.056500 0.086000 0.006000 0.178000 
261.500000 0.671000 0.060000 0.086500 0.004500 0.178000 
262.000000 0.672500 0.058000 0.087500 0.004000 0.178000 
262.500000 0.671500 0.059500 0.085500 0.005000 0.178500 
263.000000 0.673000 0.058000 0.083500 0.007000 0.178500 
263.500000 0.669500 0.061000 0.086000 0.005500 0.178000 
264.000000 0.669000 0.061000 0.086500 0.005500 0.178000 
264.500000 0.672500 0.058000 0.086500 0.005500 0.177500 
265.000000 0.668500 0.062000 0.086000 0.006000 0.177500 
265.500000 0.670000 0.061500 0.087000 0.004000 0.177500 
266.000000 0.676500 0.055000 0.086000 0.004500 0.178000 
266.500000 0.674000 0.057000 0.086000 0.004500 0.178500 
267.000000 0.670500 0.060500 0.085000 0.005000 0.179000 
267.500000 0.672000 0.059000 0.084500 0.005500 0.179000 
268.000000 0.675500 0.056000 0.085500 0.004500 0.178500 
268.500000 0.674500 0.057000 0.084000 0.005000 0.179500 
269.000000 0.676000 0.056000 0.084000 0.005000 0.179000 
269.500000 0.673500 0.059000 0.084500 0.004500 0.178500 
270.000000 0.672500 0.060000 0.083000 0.005500 0.179000 
270.500000 0.672000 0.059500 0.083000 0.006000 0.179500 
271.000000 0.669000 0.064000 0.083500 0.005000 0.178500 
271.500000 0.670000 0.063000 0.083000 0.005000 0.179000 
272.000000 0.674500 0.057500 0.083500 0.005500 0.179000 
272.500000 0.675000 0.057000 0.084000 0.004500 0.179500 
273.000000 0.678500 0.053500 0.083500 0.005000 0.179500 
273.500000 0.678000 0.054000 0.083500 0.005000 0.179500 
274.000000 0.672000 0.060000 0.084500 0.004500 0.179000 
274.500000 0.676500 0.056000 0.083500 0.004500 0.179500 
275.000000 0.675500 0.056500 0.083500 0.005000 0.179500 
275.500000 0.670500 0.062000 0.083000 0.005000 0.179500 
276.000000 0.671000 0.061000 0.085000 0.004000 0.179000 
276.500000 0.670500 0.062000 0.083500 0.004500 0.179500 
277.000000 0.671000 0.061500 0.084000 0.004000 0.179500 
277.500000 0.678000 0.055000 0.084000 0.004500 0.178500 
278.000000 0.676000 0.056000 0.085500 0.004000 0.178500 
278.500000 0.678000 0.054000 0.085000 0.004000 0.179000 
279.000000 0.669500 0.061000 0.083500 0.006500 0.179500 
279.500000 0.670000 0.061500 0.083500 0.005500 0.179500 
280.000000 0.678000 0.054000 0.083500 0.005000 0.179500 
280.500000 0.672500 0.059000 0.083000 0.005500 0.180000 
281.000000 0.675000 0.058000 0.082500 0.005000 0.179500 
281.500000 0.672000 0.061000 0.083000 0.005500 0.178500 
282.000000 0.672000 0.061000 0.081000 0.006000 0.180000 
282.500000 0.668500 0.065000 0.081000 0.005500 0.180000 
283.000000 0.665500 0.067500 0.080500 0.006500 0.180000 
283.500000 0.667500 0.065500 0.082000 0.005500 0.179500 
284.000000 0.674500 0.059000 0.083500 0.004500 0.178500 
284.500000 0.675000 0.059000 0.084500 0.003000 0.178500 
285.000000 0.677000 0.057500 0.084000 0.002500 0.179000 
285.500000 0.673000 0.061000 0.084000 0.003000 0.179000 
286.000000 0.671000 0.063500 0.084500 0.002500 0.178500 
286.500000 0.673000 0.062000 0.082500 0.003000 0.179500 
287.000000 0.672500 0.062000 0.083500 0.002000 0.180000 
287.500000 0.667000 0.068000 0.083000 0.002500 0.179500 
288.000000 0.667000 0.067000 0.082500 0.003000 0.180500 
288.500000 0.670500 0.064000 0.083000 0.003000 0.179500 
289.000000 0.673500 0.061000 0.081000 0.003500 0.181000 
289.500000 0.667000 0.067000 0.083000 0.002500 0.180500 
290.000000 0.674500 0.059000 0.082500 0.003500 0.180500 
290.500000 0.671000 0.063000 0.082500 0.003500 0.180000 
291.000000 0.671000 0.063500 0.080500 0.005000 0.180000 
291.500000 0.675000 0.058500 0.081500 0.004500 0.180500 
292.000000 0.676500 0.058500 0.079500 0.004500 0.181000 
292.500000 0.671500 0.063000 0.081000 0.003500 0.181000 
293.000000 0.671000 0.064000 0.081500 0.003000 0.180500 
293.500000 0.670500 0.064500 0.080500 0.004000 0.180500 
294.000000 0.676500 0.059500 0.080500 0.003500 0.180000 
294.500000 0.677000 0.059500 0.080000 0.003500 0.180000 
295.000000 0.681500 0.054500 0.080000 0.004000 0.180000 
295.500000 0.675000 0.061000 0.080500 0.004000 0.179500 
296.000000 0.676000 0.060000 0.079500 0.005500 0.179000 
296.500000 0.673000 0.063000 0.080500 0.004500 0.179000 
297.000000 0.679500 0.057500 0.081000 0.004500 0.177500 
297.500000 0.676000 0.061000 0.080500 0.004000 0.178500 
298.000000 0.674000 0.062500 0.080500 0.005000 0.178000 
298.500000 0.674500 0.060500 0.083500 0.004000 0.177500 
299.000000 0.676500 0.059500 0.081000 0.005500 0.177500 
299.500000 0.678000 0.057500 0.081500 0.005000 0.178000 
300.000000 0.679500 0.056500 0.081000 0.004000 0.179000 
300.500000 0.675500 0.060500 0.080000 0.004500 0.179500 
301.000000 0.676500 0.059500 0.079000 0.005000 0.180000 
301.500000 0.669000 0.067000 0.078500 0.005500 0.180000 
302.000000 0.671000 0.064500 0.081000 0.004000 0.179500 
302.500000 0.679000 0.057500 0.078500 0.005500 0.179500 
303.000000 0.678000 0.058500 0.078500 0.005000 0.180000 
303.500000 0.680000 0.056000 0.080000 0.005000 0.179000 
304.000000 0.674500 0.060500 0.080500 0.004500 0.180000 
304.500000 0.677000 0.059500 0.079500 0.004000 0.180000 
305.000000 0.675500 0.061500 0.079500 0.004000 0.179500 
305.500000 0.679500 0.057500 0.079000 0.004000 0.180000 
306.000000 0.681000 0.056000 0.079500 0.003500 0.180000 
306.500000 0.680000 0.056000 0.080500 0.004500 0.179000 
307.000000 0.681000 0.055500 0.081000 0.003500 0.179000 
307.500000 0.684000 0.053500 0.078500 0.004000 0.180000 
308.000000 0.685000 0.052500 0.078000 0.003500 0.181000 
308.500000 0.690000 0.048500 0.077500 0.003000 0.181000 
309.000000 0.684500 0.053500 0.077500 0.003500 0.181000 
309.500000 0.681500 0.055500 0.077500 0.004500 0.181000 
310.000000 0.680000 0.057000 0.078000 0.003000 0.182000 
310.500000 0.679500 0.058500 0.077000 0.003000 0.182000 
311.000000 0.679500 0.058000 0.078500 0.003500 0.180500 
311.500000 0.679000 0.059500 0.077500 0.002500 0.181500 
312.000000 0.676000 0.061500 0.077000 0.003500 0.182000 
312.500000 0.680500 0.057500 0.077000 0.003000 0.182000 
313.000000 0.680000 0.058000 0.077500 0.003500 0.181000 
313.500000 0.681000 0.057000 0.077000 0.003500 0.181500 
314.000000 0.679000 0.059000 0.078000 0.002500 0.181500 
314.500000 0.679000 0.059000 0.077500 0.002500 0.182000 
315.000000 0.683000 0.055000 0.078000 0.002500 0.181500 
315.500000 0.679500 0.059000 0.077500 0.002000 0.182000 
316.000000 0.677000 0.061500 0.077000 0.002000 0.182500 
316.500000 0.677000 0.061000 0.077000 0.003000 0.182000 
317.000000 0.683500 0.054500 0.078500 0.002000 0.181500 
317.500000 0.683000 0.054000 0.078500 0.003000 0.181500 
318.000000 0.676500 0.063000 0.077000 0.002500 0.181000 
318.500000 0.678500 0.060500 0.077500 0.002500 0.181000 
319.000000 0.681000 0.058000 0.076500 0.003500 0.181000 
319.500000 0.675500 0.063500 0.074500 0.006000 0.180500 
320.000000 0.677500 0.061000 0.078000 0.004000 0.179500 
320.500000 0.680000 0.059000 0.075500 0.005000 0.180500 
321.000000 0.679000 0.059500 0.076500 0.004000 0.181000 
321.500000 0.676500 0.063000 0.076500 0.003000 0.181000 
322.000000 0.680000 0.059500 0.077000 0.003000 0.180500 
322.500000 0.679500 0.059500 0.075500 0.005000 0.180500 
323.000000 0.682500 0.057500 0.076000 0.003500 0.180500 
323.500000 0.680500 0.059000 0.076000 0.003500 0.181000 
324.000000 0.676000 0.063000 0.077000 0.003000 0.181000 
324.500000 0.676500 0.062500 0.077500 0.003000 0.180500 
325.000000 0.676000 0.063500 0.079000 0.001500 0.180000 
325.500000 0.671500 0.067500 0.079500 0.001500 0.180000 
326.000000 0.678500 0.060500 0.079000 0.002000 0.180000 
326.500000 0.674500 0.065000 0.079500 0.001500 0.179500 
327.000000 0.675500 0.065000 0.077500 0.002000 0.180000 
327.500000 0.676500 0.064000 0.077500 0.002000 0.180000 
328.000000 0.682500 0.058500 0.077500 0.001500 0.180000 
328.500000 0.675500 0.065000 0.077000 0.002000 0.180500 
329.000000 0.676000 0.065000 0.076000 0.002000 0.181000 
329.500000 0.682000 0.059000 0.075500 0.003000 0.180500 
330.000000 0.679000 0.062500 0.076000 0.001500 0.181000 
330.500000 0.676000 0.065000 0.076000 0.001500 0.181500 
331.000000 0.678500 0.062000 0.076500 0.001500 0.181500 
331.500000 0.676000 0.064500 0.076000 0.001500 0.182000 
332.000000 0.676000 0.065000 0.075000 0.001500 0.182500 
332.500000 0.684000 0.057000 0.074500 0.002000 0.182500 
333.000000 0.685000 0.056000 0.074500 0.002000 0.182500 
333.500000 0.680500 0.061000 0.075500 0.001000 0.182000 
334.000000 0.683500 0.058000 0.076000 0.002000 0.180500 
334.500000 0.684000 0.057500 0.075000 0.002000 0.181500 
335.000000 0.682500 0.058000 0.076000 0.001500 0.182000 
335.500000 0.683000 0.058500 0.073500 0.002500 0.182500 
336.000000 0.686500 0.054500 0.074500 0.001500 0.183000 
336.500000 0.683500 0.057500 0.073000 0.002000 0.184000 
337.000000 0.687500 0.053000 0.073500 0.002000 0.184000 
337.500000 0.680000 0.059500 0.074000 0.002500 0.184000 
338.000000 0.678000 0.063000 0.072000 0.002500 0.184500 
338.500000 0.683500 0.057500 0.072500 0.002500 0.184000 
339.000000 0.691000 0.050500 0.071500 0.003000 0.184000 
339.500000 0.689500 0.052000 0.072500 0.003500 0.182500 
340.000000 0.688500 0.052000 0.073000 0.003000 0.183500 
340.500000 0.688000 0.053000 0.073000 0.003000 0.183000 
341.000000 0.688000 0.053000 0.074000 0.002500 0.182500 
341.500000 0.684000 0.057000 0.074500 0.002500 0.182000 
342.000000 0.687500 0.053500 0.074500 0.002500 0.182000 
342.500000 0.683500 0.057500 0.074000 0.002500 0.182500 
343.000000 0.691000 0.050000 0.074500 0.001500 0.183000 
343.500000 0.687500 0.053000 0.075000 0.003000 0.181500 
344.000000 0.694000 0.047500 0.073500 0.003000 0.182000 
344.500000 0.687000 0.054000 0.074000 0.001500 0.183500 
345.000000 0.687000 0.054500 0.073000 0.002000 0.183500 
345.500000 0.682500 0.058000 0.074000 0.002500 0.183000 
346.000000 0.679500 0.061500 0.072000 0.003500 0.183500 
346.500000 0.685500 0.057500 0.071000 0.002500 0.183500 
347.000000 0.682500 0.059500 0.071500 0.003000 0.183500 
347.500000 0.682000 0.060500 0.072000 0.002000 0.183500 
348.000000 0.683000 0.060500 0.070000 0.002000 0.184500 
348.500000 0.683000 0.061500 0.070000 0.001000 0.184500 
349.000000 0.687500 0.057000 0.069000 0.002000 0.184500 
349.500000 0.689000 0.055500 0.069500 0.001000 0.185000 
350.000000 0.685500 0.059500 0.068500 0.001500 0.185000 
350.500000 0.687000 0.059000 0.069000 0.000500 0.184500 
351.000000 0.687000 0.058500 0.069500 0.000500 0.184500 
351.500000 0.684000 0.059500 0.071000 0.000500 0.185000 
352.000000 0.688000 0.056500 0.070500 0.000000 0.185000 
