0.000000 0.471562 0.090625 0.254937 0.175750 0.007125 
0.500000 0.472813 0.089125 0.253250 0.177563 0.007250 
1.000000 0.472375 0.089500 0.254312 0.176625 0.007188 
1.500000 0.475125 0.087375 0.251937 0.178313 0.007250 
2.000000 0.475438 0.086938 0.254312 0.176063 0.007250 
2.500000 0.473562 0.088688 0.253188 0.177250 0.007313 
3.000000 0.472313 0.089438 0.254750 0.176187 0.007313 
3.500000 0.473125 0.088750 0.253188 0.177500 0.007437 
4.000000 0.471625 0.090188 0.256688 0.174125 0.007375 
4.500000 0.471062 0.091188 0.254812 0.175437 0.007500 
5.000000 0.470625 0.091875 0.254375 0.175563 0.007562 
5.500000 0.471062 0.091188 0.254688 0.175500 0.007562 
6.000000 0.468187 0.094312 0.254125 0.175687 0.007687 
6.500000 0.469000 0.093000 0.255063 0.175250 0.007687 
7.000000 0.469000 0.093250 0.254063 0.176000 0.007687 
7.500000 0.468813 0.092813 0.255625 0.174875 0.007875 
8.000000 0.470625 0.090938 0.254312 0.176313 0.007812 
8.500000 0.473187 0.088313 0.255188 0.175500 0.007812 
9.000000 0.471938 0.090000 0.253812 0.176313 0.007938 
9.500000 0.473875 0.088188 0.255437 0.174625 0.007875 
10.000000 0.470687 0.091313 0.253500 0.176563 0.007938 
10.500000 0.469500 0.092313 0.252188 0.178063 0.007938 
11.000000 0.470938 0.091000 0.252375 0.177625 0.008063 
11.500000 0.470000 0.091063 0.255625 0.175187 0.008125 
12.000000 0.467750 0.093313 0.256437 0.174375 0.008125 
12.500000 0.466750 0.093937 0.255250 0.175750 0.008313 
13.000000 0.468562 0.092375 0.256188 0.174563 0.008313 
13.500000 0.464938 0.095562 0.258250 0.172750 0.008500 
14.000000 0.460625 0.100062 0.259125 0.171563 0.008625 
14.500000 0.464313 0.096812 0.256250 0.173875 0.008750 
15.000000 0.461187 0.100000 0.259062 0.170875 0.008875 
15.500000 0.462875 0.098812 0.260500 0.169000 0.008812 
16.000000 0.463062 0.098875 0.258125 0.170937 0.009000 
16.500000 0.461313 0.100250 0.257500 0.171813 0.009125 
17.000000 0.462062 0.099562 0.258625 0.170313 0.009437 
17.500000 0.460625 0.100937 0.256875 0.172125 0.009437 
18.000000 0.461813 0.100312 0.255563 0.172937 0.009375 
18.500000 0.466313 0.096000 0.255437 0.172750 0.009500 
19.000000 0.463750 0.097875 0.257500 0.171250 0.009625 
19.500000 0.464938 0.097187 0.258062 0.170000 0.009813 
20.000000 0.463813 0.098625 0.257000 0.170813 0.009750 
20.500000 0.466375 0.095875 0.258875 0.169000 0.009875 
21.000000 0.466062 0.096437 0.259500 0.168063 0.009938 
21.500000 0.465562 0.097437 0.258688 0.168375 0.009938 
22.000000 0.465687 0.097562 0.261562 0.165250 0.009938 
22.500000 0.465813 0.096875 0.261188 0.166000 0.010125 
23.000000 0.463438 0.099500 0.260750 0.166250 0.010063 
23.500000 0.464938 0.098187 0.260813 0.165813 0.010250 
24.000000 0.460125 0.103250 0.260937 0.165187 0.010500 
24.500000 0.461625 0.101187 0.264250 0.162250 0.010688 
25.000000 0.462313 0.101437 0.262562 0.162938 0.010750 
25.500000 0.460125 0.103563 0.263000 0.162500 0.010812 
26.000000 0.460750 0.103063 0.264500 0.160812 0.010875 
26.500000 0.462625 0.101125 0.264062 0.161000 0.011187 
27.000000 0.463313 0.101062 0.263125 0.161438 0.011062 
27.500000 0.464687 0.100187 0.264625 0.159125 0.011375 
28.000000 0.462750 0.101875 0.264062 0.159750 0.011562 
28.500000 0.462062 0.102500 0.264313 0.159438 0.011687 
29.000000 0.463750 0.101312 0.266250 0.156812 0.011875 
29.500000 0.464750 0.100125 0.266125 0.157062 0.011938 
30.000000 0.465562 0.099500 0.264562 0.158250 0.012125 
30.500000 0.464250 0.101813 0.264813 0.156750 0.012375 
31.000000 0.463938 0.101938 0.264188 0.157500 0.012438 
31.500000 0.463438 0.101938 0.265813 0.156000 0.012812 
32.000000 0.462625 0.103438 0.264250 0.156688 0.013000 
32.500000 0.464187 0.102063 0.265062 0.155250 0.013437 
33.000000 0.462313 0.103938 0.265875 0.154562 0.013312 
33.500000 0.463313 0.103250 0.267937 0.152125 0.013375 
34.000000 0.460250 0.106063 0.267375 0.152812 0.013500 
34.500000 0.460938 0.105875 0.270313 0.149125 0.013750 
35.000000 0.462125 0.105750 0.272125 0.146063 0.013938 
35.500000 0.462438 0.106375 0.271125 0.146000 0.014063 
36.000000 0.463625 0.105625 0.272625 0.143750 0.014375 
36.500000 0.464062 0.105250 0.271875 0.144063 0.014750 
37.000000 0.465187 0.104313 0.271750 0.143750 0.015000 
37.500000 0.463813 0.106625 0.270313 0.143875 0.015375 
38.000000 0.466687 0.104063 0.273062 0.140813 0.015375 
38.500000 0.466438 0.104938 0.273875 0.139187 0.015562 
39.000000 0.468375 0.104563 0.275438 0.135937 0.015688 
39.500000 0.469375 0.103063 0.275625 0.135937 0.016000 
40.000000 0.467687 0.104875 0.273938 0.137125 0.016375 
40.500000 0.468500 0.104063 0.276187 0.134437 0.016813 
41.000000 0.471062 0.103000 0.276625 0.132250 0.017063 
41.500000 0.472938 0.101938 0.278625 0.128812 0.017687 
42.000000 0.472187 0.103125 0.279875 0.126875 0.017937 
42.500000 0.472438 0.103188 0.277500 0.128688 0.018187 
43.000000 0.474000 0.102250 0.278250 0.126938 0.018562 
43.500000 0.474375 0.102438 0.280813 0.123438 0.018937 
44.000000 0.474875 0.102688 0.281187 0.122125 0.019125 
44.500000 0.475375 0.103563 0.280938 0.120563 0.019563 
45.000000 0.475750 0.104125 0.282562 0.117875 0.019688 
45.500000 0.478375 0.102250 0.284187 0.115000 0.020188 
46.000000 0.478563 0.102688 0.285313 0.113062 0.020375 
46.500000 0.477812 0.103625 0.285062 0.113187 0.020313 
47.000000 0.480812 0.101750 0.284875 0.112062 0.020500 
47.500000 0.483750 0.099625 0.286875 0.108938 0.020813 
48.000000 0.482000 0.101688 0.287687 0.107688 0.020938 
48.500000 0.482875 0.101312 0.287438 0.107313 0.021063 
49.000000 0.484750 0.100437 0.288062 0.105500 0.021250 
49.500000 0.484563 0.101000 0.288687 0.104313 0.021438 
50.000000 0.485687 0.100812 0.288187 0.103375 0.021937 
50.500000 0.488312 0.098187 0.289375 0.102063 0.022062 
51.000000 0.487500 0.099937 0.288562 0.101312 0.022687 
51.500000 0.490500 0.097562 0.288062 0.101250 0.022625 
52.000000 0.492750 0.096312 0.288750 0.099000 0.023187 
52.500000 0.493875 0.095750 0.287500 0.098937 0.023938 
53.000000 0.494875 0.095000 0.290375 0.095687 0.024063 
53.500000 0.497312 0.093125 0.290187 0.095062 0.024313 
54.000000 0.498063 0.092938 0.290125 0.094375 0.024500 
54.500000 0.499812 0.092188 0.291500 0.091625 0.024875 
55.000000 0.502437 0.090500 0.292312 0.089688 0.025063 
55.500000 0.504250 0.089250 0.294000 0.087000 0.025500 
56.000000 0.504188 0.089813 0.290938 0.089438 0.025625 
56.500000 0.503625 0.091250 0.290625 0.088625 0.025875 
57.000000 0.502188 0.092563 0.290125 0.088875 0.026250 
57.500000 0.504000 0.090563 0.291438 0.087500 0.026500 
58.000000 0.504812 0.090875 0.293563 0.083937 0.026812 
58.500000 0.505062 0.090938 0.292625 0.084125 0.027250 
59.000000 0.504000 0.092625 0.291500 0.084312 0.027563 
59.500000 0.508312 0.089250 0.293000 0.081187 0.028250 
60.000000 0.511062 0.087188 0.293750 0.079375 0.028625 
60.500000 0.510188 0.088563 0.293438 0.079187 0.028625 
61.000000 0.509563 0.089500 0.293125 0.078687 0.029125 
61.500000 0.513687 0.086625 0.292750 0.077625 0.029312 
62.000000 0.513437 0.087125 0.294375 0.075375 0.029687 
62.500000 0.515062 0.086625 0.294000 0.074125 0.030187 
63.000000 0.512625 0.089625 0.293625 0.073813 0.030312 
63.500000 0.513813 0.088813 0.293563 0.073063 0.030750 
64.000000 0.513062 0.089875 0.294938 0.070750 0.031375 
64.500000 0.516750 0.086938 0.294750 0.069562 0.032000 
65.000000 0.517625 0.087000 0.296312 0.066750 0.032313 
65.500000 0.518188 0.087438 0.297063 0.064750 0.032563 
66.000000 0.521062 0.084937 0.297812 0.063375 0.032813 
66.500000 0.520375 0.085812 0.296500 0.064500 0.032813 
67.000000 0.518625 0.088188 0.297938 0.062062 0.033188 
67.500000 0.521062 0.086688 0.297063 0.061812 0.033375 
68.000000 0.520938 0.087063 0.297187 0.060750 0.034063 
68.500000 0.520875 0.087688 0.297375 0.059437 0.034625 
69.000000 0.524062 0.085187 0.297063 0.058375 0.035312 
69.500000 0.524500 0.084812 0.297438 0.057813 0.035437 
70.000000 0.524312 0.085250 0.296875 0.057875 0.035687 
70.500000 0.525500 0.084562 0.296375 0.057750 0.035812 
71.000000 0.523188 0.086875 0.297187 0.056750 0.036000 
71.500000 0.527375 0.083562 0.297312 0.055313 0.036437 
72.000000 0.527438 0.083875 0.296875 0.054688 0.037125 
72.500000 0.528750 0.083750 0.295438 0.054062 0.038000 
73.000000 0.531000 0.081687 0.294938 0.053937 0.038437 
73.500000 0.530375 0.082250 0.293938 0.054250 0.039188 
74.000000 0.531188 0.082500 0.293563 0.053125 0.039625 
74.500000 0.533875 0.080562 0.294063 0.051750 0.039750 
75.000000 0.531937 0.083125 0.293000 0.051750 0.040188 
75.500000 0.532125 0.083562 0.292187 0.051625 0.040500 
76.000000 0.536375 0.079875 0.292938 0.050000 0.040813 
76.500000 0.536875 0.080187 0.292438 0.049438 0.041063 
77.000000 0.535625 0.081562 0.292438 0.048875 0.041500 
77.500000 0.535500 0.082625 0.292812 0.047438 0.041625 
78.000000 0.539188 0.079750 0.291000 0.047875 0.042188 
78.500000 0.539562 0.080062 0.291375 0.046125 0.042875 
79.000000 0.541188 0.078312 0.293500 0.043812 0.043187 
79.500000 0.540063 0.079937 0.291750 0.044437 0.043812 
80.000000 0.541875 0.078625 0.291625 0.043625 0.044250 
80.500000 0.539438 0.081062 0.291187 0.043500 0.044812 
81.000000 0.541875 0.079875 0.290500 0.042313 0.045437 
81.500000 0.542125 0.080437 0.289687 0.041563 0.046187 
82.000000 0.542188 0.080187 0.291250 0.039750 0.046625 
82.500000 0.541375 0.081750 0.291312 0.038937 0.046625 
83.000000 0.544813 0.079000 0.289875 0.038937 0.047375 
83.500000 0.544937 0.079625 0.289812 0.037937 0.047688 
84.000000 0.546562 0.078500 0.288625 0.037750 0.048563 
84.500000 0.550750 0.074875 0.287375 0.038437 0.048563 
85.000000 0.549250 0.076625 0.287938 0.037187 0.049000 
85.500000 0.550875 0.075813 0.288250 0.035625 0.049438 
86.000000 0.552375 0.074563 0.287687 0.035312 0.050063 
86.500000 0.551875 0.075438 0.287125 0.035125 0.050438 
87.000000 0.552312 0.075063 0.286938 0.034563 0.051125 
87.500000 0.553188 0.075063 0.287313 0.033188 0.051250 
88.000000 0.555063 0.073500 0.286875 0.032875 0.051687 
88.500000 0.555625 0.073750 0.286250 0.032000 0.052375 
89.000000 0.556813 0.073188 0.283750 0.033375 0.052875 
89.500000 0.555813 0.074313 0.283938 0.032938 0.053000 
90.000000 0.557125 0.073688 0.283813 0.032188 0.053187 
90.500000 0.557625 0.073938 0.282813 0.031688 0.053937 
91.000000 0.560187 0.071688 0.281938 0.032000 0.054187 
91.500000 0.559375 0.072813 0.281813 0.031438 0.054562 
92.000000 0.558375 0.074563 0.279438 0.032188 0.055438 
92.500000 0.559625 0.073750 0.280187 0.031000 0.055438 
93.000000 0.560125 0.074000 0.278000 0.031625 0.056250 
93.500000 0.562187 0.072563 0.278000 0.030437 0.056813 
94.000000 0.561937 0.073688 0.277187 0.029937 0.057250 
94.500000 0.564187 0.071500 0.275813 0.030437 0.058063 
95.000000 0.566312 0.069500 0.275313 0.030312 0.058563 
95.500000 0.566187 0.070688 0.273813 0.030250 0.059062 
96.000000 0.566063 0.070563 0.274250 0.029500 0.059625 
96.500000 0.566063 0.071313 0.273500 0.029188 0.059937 
97.000000 0.565625 0.071500 0.273813 0.028688 0.060375 
97.500000 0.567000 0.071000 0.272437 0.028438 0.061125 
98.000000 0.567250 0.071375 0.272750 0.026937 0.061687 
98.500000 0.568562 0.070375 0.271937 0.027125 0.062000 
99.000000 0.568375 0.071313 0.271937 0.026062 0.062312 
99.500000 0.569375 0.070875 0.270562 0.026187 0.063000 
100.000000 0.567438 0.072938 0.270000 0.026062 0.063562 
100.500000 0.567875 0.072375 0.270500 0.025375 0.063875 
101.000000 0.569375 0.071438 0.270437 0.024188 0.064562 
101.500000 0.570250 0.071000 0.269313 0.024313 0.065125 
102.000000 0.572562 0.069187 0.268813 0.024063 0.065375 
102.500000 0.572500 0.069687 0.268813 0.023563 0.065437 
103.000000 0.574187 0.068312 0.267937 0.023438 0.066125 
103.500000 0.575500 0.067312 0.268188 0.022687 0.066312 
104.000000 0.575688 0.067937 0.266937 0.022750 0.066687 
104.500000 0.574875 0.069312 0.266125 0.022562 0.067125 
105.000000 0.575812 0.068312 0.266062 0.022562 0.067250 
105.500000 0.578063 0.066625 0.265813 0.021812 0.067687 
106.000000 0.578438 0.066937 0.265250 0.021500 0.067875 
106.500000 0.581375 0.065000 0.263875 0.021000 0.068750 
107.000000 0.582063 0.064375 0.262688 0.021625 0.069250 
107.500000 0.581187 0.065562 0.262437 0.021313 0.069500 
108.000000 0.582750 0.064875 0.261875 0.020625 0.069875 
108.500000 0.583125 0.064812 0.261375 0.020313 0.070375 
109.000000 0.584063 0.064187 0.260188 0.020313 0.071250 
109.500000 0.584438 0.064125 0.259750 0.019813 0.071875 
110.000000 0.582625 0.066000 0.260250 0.018812 0.072313 
110.500000 0.584688 0.064937 0.258062 0.019125 0.073188 
111.000000 0.585688 0.063812 0.258562 0.018562 0.073375 
111.500000 0.586938 0.063187 0.258000 0.018312 0.073563 
112.000000 0.588437 0.061562 0.257375 0.018687 0.073938 
112.500000 0.587875 0.062437 0.258188 0.017125 0.074375 
113.000000 0.588875 0.062062 0.256750 0.017500 0.074813 
113.500000 0.589875 0.061375 0.255563 0.017625 0.075563 
114.000000 0.590125 0.061687 0.255563 0.016938 0.075688 
114.500000 0.588000 0.063937 0.255000 0.016938 0.076125 
115.000000 0.589625 0.062687 0.253812 0.017625 0.076250 
115.500000 0.588562 0.063875 0.253437 0.017188 0.076938 
116.000000 0.589625 0.063562 0.252812 0.016625 0.077375 
116.500000 0.589562 0.063750 0.253125 0.016375 0.077188 
117.000000 0.590875 0.063062 0.251625 0.016688 0.077750 
117.500000 0.590688 0.063250 0.251750 0.016188 0.078125 
118.000000 0.592125 0.062750 0.249500 0.017063 0.078562 
118.500000 0.593250 0.061812 0.249938 0.016000 0.079000 
119.000000 0.594250 0.061187 0.249312 0.016125 0.079125 
119.500000 0.593562 0.061812 0.249438 0.015500 0.079687 
120.000000 0.592875 0.062937 0.248562 0.015437 0.080187 
120.500000 0.592313 0.063562 0.247875 0.015437 0.080812 
121.000000 0.592812 0.063812 0.247312 0.014875 0.081187 
121.500000 0.593625 0.062937 0.246750 0.014875 0.081812 
122.000000 0.595688 0.061062 0.246688 0.014625 0.081937 
122.500000 0.594375 0.063062 0.245125 0.015125 0.082312 
123.000000 0.596625 0.061125 0.244562 0.014812 0.082875 
123.500000 0.596375 0.061625 0.243812 0.014438 0.083750 
124.000000 0.595938 0.062125 0.242750 0.015125 0.084062 
124.500000 0.598625 0.059750 0.242750 0.014625 0.084250 
125.000000 0.600500 0.058687 0.242063 0.014188 0.084562 
125.500000 0.600812 0.059375 0.241063 0.013875 0.084875 
126.000000 0.601250 0.059375 0.240813 0.013688 0.084875 
126.500000 0.601375 0.059625 0.238937 0.014250 0.085812 
127.000000 0.601938 0.059375 0.238875 0.013813 0.086000 
127.500000 0.601625 0.060375 0.237750 0.013875 0.086375 
128.000000 0.603875 0.058125 0.237687 0.013625 0.086688 
128.500000 0.602125 0.060125 0.236125 0.014563 0.087063 
129.000000 0.602187 0.060500 0.235750 0.013625 0.087938 
129.500000 0.601000 0.062062 0.235875 0.012688 0.088375 
130.000000 0.600125 0.062937 0.234875 0.012750 0.089313 
130.500000 0.602625 0.060812 0.234125 0.012625 0.089813 
131.000000 0.602500 0.061812 0.233063 0.012375 0.090250 
131.500000 0.602750 0.061625 0.232063 0.013000 0.090563 
132.000000 0.602500 0.062562 0.231375 0.012937 0.090625 
132.500000 0.603812 0.061375 0.230250 0.013250 0.091313 
133.000000 0.603375 0.062000 0.230125 0.013062 0.091438 
133.500000 0.604500 0.060687 0.231125 0.012000 0.091688 
134.000000 0.605563 0.060250 0.229625 0.012313 0.092250 
134.500000 0.606875 0.059562 0.229375 0.011625 0.092563 
135.000000 0.605375 0.060500 0.229000 0.012313 0.092813 
135.500000 0.604688 0.061875 0.228000 0.012313 0.093125 
136.000000 0.604563 0.062125 0.229125 0.010812 0.093375 
136.500000 0.606688 0.060625 0.227750 0.011062 0.093875 
137.000000 0.606625 0.060937 0.227000 0.011000 0.094437 
137.500000 0.608187 0.059625 0.226813 0.010438 0.094937 
138.000000 0.607313 0.060875 0.225375 0.011062 0.095375 
138.500000 0.608187 0.060187 0.224938 0.011562 0.095125 
139.000000 0.609875 0.058687 0.224438 0.011437 0.095562 
139.500000 0.609062 0.060000 0.224125 0.011187 0.095625 
140.000000 0.608437 0.060687 0.223500 0.011312 0.096062 
140.500000 0.609250 0.059500 0.223062 0.011813 0.096375 
141.000000 0.609437 0.059375 0.222875 0.011437 0.096875 
141.500000 0.611250 0.058188 0.222688 0.011062 0.096812 
142.000000 0.610062 0.059625 0.222125 0.010688 0.097500 
142.500000 0.612187 0.057438 0.222125 0.010500 0.097750 
143.000000 0.613563 0.056438 0.221062 0.010625 0.098312 
143.500000 0.612563 0.057438 0.220625 0.010625 0.098750 
144.000000 0.614062 0.055938 0.219562 0.011062 0.099375 
144.500000 0.613187 0.057188 0.218562 0.011437 0.099625 
145.000000 0.611938 0.058875 0.218125 0.010875 0.100187 
145.500000 0.611313 0.059687 0.217875 0.010438 0.100687 
146.000000 0.612062 0.059125 0.217250 0.010688 0.100875 
146.500000 0.611750 0.059687 0.217125 0.010063 0.101375 
147.000000 0.613000 0.058625 0.216625 0.010125 0.101625 
147.500000 0.613875 0.057438 0.216625 0.010125 0.101938 
148.000000 0.614875 0.056938 0.215438 0.010375 0.102375 
148.500000 0.615500 0.057000 0.214188 0.010625 0.102688 
149.000000 0.615875 0.056313 0.214688 0.010125 0.103000 
149.500000 0.615125 0.058188 0.213375 0.009625 0.103688 
150.000000 0.617938 0.055375 0.212750 0.009938 0.104000 
150.500000 0.617812 0.055750 0.211938 0.010125 0.104375 
151.000000 0.619437 0.054625 0.211438 0.010000 0.104500 
151.500000 0.617687 0.056375 0.210813 0.010250 0.104875 
152.000000 0.617062 0.057063 0.210063 0.010125 0.105688 
152.500000 0.617875 0.056375 0.209250 0.010375 0.106125 
153.000000 0.617313 0.057125 0.208250 0.010812 0.106500 
153.500000 0.618687 0.056188 0.208250 0.010063 0.106813 
154.000000 0.618250 0.056938 0.207375 0.010250 0.107188 
154.500000 0.618563 0.056563 0.206875 0.010188 0.107813 
155.000000 0.619625 0.056375 0.206250 0.009375 0.108375 
155.500000 0.618375 0.058188 0.205375 0.009375 0.108688 
156.000000 0.619563 0.056750 0.205313 0.009437 0.108938 
156.500000 0.618500 0.057938 0.205437 0.009250 0.108875 
157.000000 0.618500 0.058500 0.204500 0.009125 0.109375 
157.500000 0.618938 0.057938 0.203750 0.009687 0.109687 
158.000000 0.618750 0.058313 0.204000 0.008688 0.110250 
158.500000 0.619500 0.057938 0.202375 0.009375 0.110812 
159.000000 0.620563 0.056813 0.202750 0.008875 0.111000 
159.500000 0.621437 0.056500 0.201500 0.009312 0.111250 
160.000000 0.623125 0.054500 0.201750 0.009125 0.111500 
160.500000 0.621313 0.056875 0.200875 0.009187 0.111750 
161.000000 0.620563 0.058250 0.201000 0.008625 0.111562 
161.500000 0.621938 0.056875 0.200563 0.008875 0.111750 
162.000000 0.622000 0.056750 0.200500 0.008688 0.112062 
162.500000 0.622500 0.056625 0.200563 0.008063 0.112250 
163.000000 0.622188 0.057063 0.199937 0.008188 0.112625 
163.500000 0.621750 0.057188 0.200187 0.007625 0.113250 
164.000000 0.621812 0.057188 0.199813 0.007625 0.113562 
164.500000 0.621563 0.058000 0.199125 0.007500 0.113812 
165.000000 0.621625 0.058188 0.198625 0.007313 0.114250 
165.500000 0.625125 0.055500 0.197563 0.007562 0.114250 
166.000000 0.624125 0.056750 0.196125 0.008000 0.115000 
166.500000 0.625000 0.055875 0.196500 0.007437 0.115187 
167.000000 0.626062 0.055125 0.195188 0.007812 0.115812 
167.500000 0.627563 0.053812 0.194688 0.007812 0.116125 
168.000000 0.626375 0.055375 0.193750 0.008063 0.116437 
168.500000 0.626188 0.056063 0.192938 0.007938 0.116875 
169.000000 0.625188 0.057313 0.192750 0.007812 0.116937 
169.500000 0.624125 0.058313 0.191812 0.008625 0.117125 
170.000000 0.626750 0.055750 0.191375 0.008625 0.117500 
170.500000 0.625500 0.057188 0.191438 0.008438 0.117438 
171.000000 0.627062 0.056063 0.190375 0.009062 0.117438 
171.500000 0.626437 0.057000 0.189812 0.008875 0.117875 
172.000000 0.629812 0.053875 0.188375 0.009625 0.118313 
172.500000 0.629188 0.055313 0.188250 0.008500 0.118750 
173.000000 0.628125 0.056313 0.188188 0.008250 0.119125 
173.500000 0.627188 0.057500 0.188000 0.008063 0.119250 
174.000000 0.627938 0.056875 0.187500 0.007812 0.119875 
174.500000 0.629625 0.055625 0.186688 0.008250 0.119813 
175.000000 0.628313 0.056938 0.187250 0.007625 0.119875 
175.500000 0.626812 0.058375 0.186188 0.008250 0.120375 
176.000000 0.628250 0.057500 0.185438 0.008375 0.120438 
176.500000 0.630563 0.055313 0.186062 0.007313 0.120750 
177.000000 0.630563 0.055438 0.185625 0.007500 0.120875 
177.500000 0.628188 0.057875 0.185688 0.007562 0.120688 
178.000000 0.629687 0.056875 0.185188 0.007375 0.120875 
178.500000 0.631125 0.055563 0.185000 0.007313 0.121000 
179.000000 0.631437 0.055500 0.183875 0.007625 0.121563 
179.500000 0.630500 0.056438 0.183562 0.007313 0.122188 
180.000000 0.631437 0.056188 0.183125 0.007125 0.122125 
180.500000 0.629875 0.057875 0.182938 0.006875 0.122438 
181.000000 0.629250 0.058687 0.182438 0.006812 0.122813 
181.500000 0.630500 0.057438 0.182000 0.006687 0.123375 
182.000000 0.629437 0.058625 0.180875 0.007063 0.124000 
182.500000 0.629250 0.059062 0.180625 0.006687 0.124375 
183.000000 0.628687 0.059812 0.179625 0.006938 0.124938 
183.500000 0.627938 0.060500 0.179563 0.006687 0.125312 
184.000000 0.631250 0.057563 0.179688 0.006125 0.125375 
184.500000 0.630812 0.058188 0.178750 0.006750 0.125500 
185.000000 0.631000 0.058000 0.178125 0.006562 0.126312 
185.500000 0.630687 0.058250 0.178437 0.006313 0.126312 
186.000000 0.633375 0.055938 0.177250 0.006250 0.127188 
186.500000 0.632375 0.056813 0.176187 0.007250 0.127375 
187.000000 0.633062 0.056500 0.175750 0.007125 0.127562 
187.500000 0.633437 0.056125 0.175563 0.007188 0.127688 
188.000000 0.633375 0.056563 0.175500 0.006375 0.128188 
188.500000 0.631875 0.058750 0.174625 0.006500 0.128250 
189.000000 0.632938 0.057625 0.174625 0.006687 0.128125 
189.500000 0.633437 0.057438 0.173875 0.006875 0.128375 
190.000000 0.633813 0.057188 0.173687 0.006562 0.128750 
190.500000 0.633687 0.057938 0.173063 0.006437 0.128875 
191.000000 0.637500 0.054125 0.172813 0.006562 0.129000 
191.500000 0.635625 0.056000 0.172375 0.006625 0.129375 
192.000000 0.636563 0.055250 0.172313 0.006437 0.129438 
192.500000 0.635813 0.056063 0.172625 0.006000 0.129500 
193.000000 0.636188 0.055750 0.172125 0.006000 0.129938 
193.500000 0.634375 0.057500 0.171250 0.006562 0.130312 
194.000000 0.635563 0.056813 0.170313 0.006375 0.130938 
194.500000 0.634687 0.057313 0.170500 0.006562 0.130938 
195.000000 0.635375 0.057125 0.169750 0.006250 0.131500 
195.500000 0.634188 0.058313 0.169375 0.006250 0.131875 
196.000000 0.636000 0.056563 0.169313 0.005875 0.132250 
196.500000 0.635625 0.056938 0.168937 0.006375 0.132125 
197.000000 0.636813 0.056250 0.168125 0.006000 0.132812 
197.500000 0.636687 0.056375 0.167687 0.005875 0.133375 
198.000000 0.635062 0.057938 0.167437 0.006250 0.133313 
198.500000 0.637938 0.055438 0.167250 0.005875 0.133500 
199.000000 0.636500 0.056688 0.166563 0.006687 0.133563 
199.500000 0.637813 0.055625 0.165750 0.006500 0.134313 
200.000000 0.637125 0.056688 0.165875 0.005812 0.134500 
200.500000 0.635687 0.057813 0.166063 0.005437 0.135000 
201.000000 0.635312 0.058750 0.164437 0.006063 0.135437 
201.500000 0.634875 0.059062 0.164250 0.006000 0.135813 
202.000000 0.634250 0.060062 0.163562 0.005750 0.136375 
202.500000 0.634250 0.059875 0.163062 0.006188 0.136625 
203.000000 0.634375 0.059812 0.162875 0.006250 0.136687 
203.500000 0.636312 0.058375 0.162688 0.005875 0.136750 
204.000000 0.633375 0.061687 0.162188 0.005562 0.137187 
204.500000 0.634188 0.060750 0.161812 0.006000 0.137250 
205.000000 0.634062 0.060687 0.161562 0.006125 0.137563 
205.500000 0.634062 0.061125 0.161625 0.005437 0.137750 
206.000000 0.632750 0.062000 0.161875 0.005313 0.138063 
206.500000 0.632750 0.061937 0.161000 0.006000 0.138313 
207.000000 0.635500 0.059687 0.160062 0.005875 0.138875 
207.500000 0.635500 0.060125 0.159438 0.006125 0.138813 
208.000000 0.638312 0.057250 0.159000 0.006375 0.139063 
208.500000 0.639500 0.056375 0.158875 0.005938 0.139313 
209.000000 0.638188 0.057750 0.158500 0.005938 0.139625 
209.500000 0.637188 0.058563 0.157625 0.006750 0.139875 
210.000000 0.637750 0.058000 0.157562 0.006687 0.140000 
210.500000 0.640312 0.055688 0.157375 0.006188 0.140437 
211.000000 0.639813 0.056313 0.156375 0.007000 0.140500 
211.500000 0.639125 0.057313 0.156625 0.006313 0.140625 
212.000000 0.640125 0.056688 0.155250 0.006687 0.141250 
212.500000 0.639312 0.057813 0.155438 0.006250 0.141187 
213.000000 0.639125 0.057750 0.155250 0.006250 0.141625 
213.500000 0.640500 0.056875 0.154562 0.006063 0.142000 
214.000000 0.638125 0.059750 0.153875 0.006125 0.142125 
214.500000 0.638813 0.059125 0.153750 0.006250 0.142063 
215.000000 0.639375 0.059062 0.153188 0.005938 0.142437 
215.500000 0.639687 0.058937 0.152938 0.005625 0.142813 
216.000000 0.639250 0.059437 0.152438 0.005687 0.143187 
216.500000 0.641062 0.057688 0.151875 0.005875 0.143500 
217.000000 0.639500 0.059687 0.151062 0.006125 0.143625 
217.500000 0.640563 0.058750 0.150250 0.006500 0.143937 
218.000000 0.640750 0.058812 0.150250 0.006188 0.144000 
218.500000 0.642563 0.056875 0.150250 0.006250 0.144063 
219.000000 0.641625 0.058188 0.149250 0.006250 0.144687 
219.500000 0.642188 0.058063 0.148938 0.006188 0.144625 
220.000000 0.642625 0.057563 0.148875 0.006000 0.144937 
220.500000 0.642000 0.058125 0.148562 0.005938 0.145375 
221.000000 0.642188 0.058125 0.148125 0.006000 0.145563 
221.500000 0.641250 0.059250 0.148000 0.005625 0.145875 
222.000000 0.643687 0.057188 0.147750 0.005313 0.146063 
222.500000 0.643563 0.057688 0.146563 0.006188 0.146000 
223.000000 0.644938 0.056750 0.146563 0.005500 0.146250 
223.500000 0.644938 0.056563 0.146187 0.005437 0.146875 
224.000000 0.645188 0.056563 0.145313 0.005812 0.147125 
224.500000 0.646750 0.055188 0.145437 0.005313 0.147313 
225.000000 0.646938 0.054688 0.145500 0.005437 0.147437 
225.500000 0.644875 0.057313 0.144625 0.005750 0.147437 
226.000000 0.644750 0.057188 0.143875 0.006500 0.147687 
226.500000 0.646375 0.056000 0.143563 0.005938 0.148125 
227.000000 0.645250 0.057313 0.143375 0.005875 0.148187 
227.500000 0.647875 0.055375 0.142375 0.005750 0.148625 
228.000000 0.645625 0.057438 0.142750 0.005687 0.148500 
228.500000 0.648312 0.055188 0.142187 0.005500 0.148812 
229.000000 0.647687 0.056000 0.141937 0.005188 0.149188 
229.500000 0.648937 0.054875 0.141625 0.005188 0.149375 
230.000000 0.647938 0.055750 0.141750 0.005375 0.149188 
230.500000 0.647125 0.056438 0.141937 0.005188 0.149312 
231.000000 0.646687 0.057188 0.141437 0.005250 0.149438 
231.500000 0.647813 0.056000 0.140875 0.005687 0.149625 
232.000000 0.647250 0.056750 0.140125 0.005812 0.150062 
232.500000 0.647062 0.057000 0.139750 0.005875 0.150312 
233.000000 0.648875 0.055688 0.139250 0.005562 0.150625 
233.500000 0.649312 0.055563 0.138937 0.005437 0.150750 
234.000000 0.648750 0.056188 0.138375 0.005625 0.151062 
234.500000 0.650500 0.054500 0.138187 0.005500 0.151312 
235.000000 0.650438 0.054625 0.138375 0.005250 0.151312 
235.500000 0.649125 0.056000 0.136875 0.006063 0.151938 
236.000000 0.648438 0.056875 0.137437 0.005375 0.151875 
236.500000 0.648438 0.056750 0.137813 0.004938 0.152062 
237.000000 0.650312 0.055438 0.137187 0.004750 0.152312 
237.500000 0.650250 0.055688 0.136625 0.005063 0.152375 
238.000000 0.650312 0.055563 0.136563 0.004812 0.152750 
238.500000 0.651375 0.055500 0.136000 0.004500 0.152625 
239.000000 0.652188 0.054625 0.135625 0.004500 0.153062 
239.500000 0.651625 0.055188 0.135313 0.004625 0.153250 
240.000000 0.652312 0.054688 0.134937 0.004562 0.153500 
240.500000 0.650625 0.056313 0.134875 0.004812 0.153375 
241.000000 0.651188 0.055875 0.134500 0.004750 0.153688 
241.500000 0.650062 0.057125 0.134187 0.004875 0.153750 
242.000000 0.650813 0.056875 0.133437 0.004750 0.154125 
242.500000 0.651312 0.056375 0.132688 0.005063 0.154562 
243.000000 0.651125 0.056875 0.131875 0.005000 0.155125 
243.500000 0.650312 0.057813 0.131250 0.005250 0.155375 
244.000000 0.649687 0.058125 0.131562 0.005188 0.155438 
244.500000 0.650875 0.057500 0.131000 0.005063 0.155562 
245.000000 0.649625 0.058500 0.130875 0.005500 0.155500 
245.500000 0.650250 0.058625 0.130250 0.005188 0.155688 
246.000000 0.649625 0.058812 0.130938 0.004938 0.155688 
246.500000 0.649125 0.059562 0.130125 0.005125 0.156062 
247.000000 0.651312 0.057750 0.129312 0.005125 0.156500 
247.500000 0.649750 0.059437 0.129688 0.004437 0.156688 
248.000000 0.650625 0.058750 0.129312 0.004625 0.156688 
248.500000 0.651375 0.058250 0.128938 0.004687 0.156750 
249.000000 0.653750 0.056125 0.128000 0.005250 0.156875 
249.500000 0.652687 0.057313 0.128125 0.004687 0.157188 
250.000000 0.652563 0.057875 0.127875 0.004562 0.157125 
250.500000 0.652375 0.058000 0.127500 0.004313 0.157812 
251.000000 0.652062 0.058812 0.127438 0.004188 0.157500 
251.500000 0.653250 0.057438 0.126875 0.004500 0.157938 
252.000000 0.651625 0.059250 0.126625 0.004313 0.158188 
252.500000 0.652188 0.058687 0.126562 0.004250 0.158312 
253.000000 0.652312 0.058625 0.126250 0.004437 0.158375 
253.500000 0.652625 0.058438 0.126250 0.004063 0.158625 
254.000000 0.650750 0.060250 0.125938 0.004437 0.158625 
254.500000 0.652500 0.058625 0.125500 0.004812 0.158562 
255.000000 0.651188 0.060187 0.124875 0.004812 0.158938 
255.500000 0.650438 0.060937 0.125188 0.004562 0.158875 
256.000000 0.650687 0.060437 0.124938 0.004562 0.159375 
256.500000 0.651438 0.060562 0.124125 0.004375 0.159500 
257.000000 0.651750 0.060187 0.123188 0.004687 0.160188 
257.500000 0.649937 0.061875 0.123563 0.004625 0.160000 
258.000000 0.652375 0.059812 0.122313 0.005063 0.160438 
258.500000 0.652312 0.059750 0.123000 0.004625 0.160312 
259.000000 0.652625 0.059750 0.121625 0.005250 0.160750 
259.500000 0.652312 0.060312 0.121188 0.005250 0.160938 
260.000000 0.649937 0.062562 0.121500 0.004938 0.161062 
260.500000 0.651500 0.061000 0.121125 0.005125 0.161250 
261.000000 0.651000 0.061687 0.121125 0.004812 0.161375 
261.500000 0.651375 0.061437 0.120438 0.005188 0.161562 
262.000000 0.650625 0.062125 0.120188 0.005500 0.161562 
262.500000 0.653625 0.059187 0.120188 0.005375 0.161625 
263.000000 0.651813 0.060750 0.120375 0.005125 0.161938 
263.500000 0.653563 0.059750 0.119438 0.005063 0.162188 
264.000000 0.653125 0.060437 0.118938 0.005313 0.162188 
264.500000 0.652250 0.060812 0.119125 0.005125 0.162688 
265.000000 0.652188 0.061312 0.118813 0.004938 0.162750 
265.500000 0.651937 0.061375 0.118500 0.004938 0.163250 
266.000000 0.651687 0.061375 0.118813 0.004938 0.163188 
266.500000 0.651250 0.062000 0.118063 0.004812 0.163875 
267.000000 0.651188 0.062187 0.117813 0.004875 0.163938 
267.500000 0.652438 0.061187 0.117688 0.004812 0.163875 
268.000000 0.652000 0.061687 0.117938 0.004437 0.163938 
268.500000 0.653188 0.060562 0.117938 0.004313 0.164000 
269.000000 0.652250 0.061437 0.117750 0.004625 0.163938 
269.500000 0.654438 0.059562 0.117125 0.004500 0.164375 
270.000000 0.655687 0.058438 0.116625 0.004875 0.164375 
270.500000 0.655250 0.059187 0.116125 0.004750 0.164687 
271.000000 0.654375 0.060125 0.116750 0.003875 0.164875 
271.500000 0.654062 0.060250 0.116125 0.004687 0.164875 
272.000000 0.652813 0.061500 0.116187 0.004437 0.165063 
272.500000 0.654000 0.060562 0.116062 0.004063 0.165313 
273.000000 0.656188 0.058375 0.115812 0.004000 0.165625 
273.500000 0.655500 0.059000 0.115437 0.004250 0.165813 
274.000000 0.655312 0.059187 0.115437 0.004188 0.165875 
274.500000 0.655937 0.058563 0.115125 0.004375 0.166000 
275.000000 0.655312 0.059312 0.114687 0.004687 0.166000 
275.500000 0.653875 0.060937 0.114375 0.004750 0.166063 
276.000000 0.656188 0.058937 0.113625 0.004938 0.166313 
276.500000 0.655687 0.059562 0.114437 0.004063 0.166250 
277.000000 0.656813 0.058500 0.114125 0.004188 0.166375 
277.500000 0.658687 0.057188 0.112687 0.004625 0.166813 
278.000000 0.657062 0.058750 0.112687 0.004562 0.166937 
278.500000 0.657188 0.059000 0.111875 0.005000 0.166937 
279.000000 0.653250 0.062812 0.112125 0.004875 0.166937 
279.500000 0.657813 0.058500 0.111625 0.004812 0.167250 
280.000000 0.655563 0.060750 0.111187 0.005063 0.167437 
280.500000 0.654687 0.062000 0.110750 0.004687 0.167875 
281.000000 0.657188 0.059187 0.110875 0.005000 0.167750 
281.500000 0.659937 0.056813 0.110625 0.004625 0.168000 
282.000000 0.658625 0.058063 0.110500 0.004750 0.168063 
282.500000 0.659438 0.057438 0.110125 0.004875 0.168125 
283.000000 0.658750 0.058438 0.109812 0.004812 0.168187 
283.500000 0.658937 0.057938 0.110062 0.004562 0.168500 
284.000000 0.660875 0.056813 0.109063 0.004812 0.168437 
284.500000 0.660500 0.057500 0.108313 0.005000 0.168687 
285.000000 0.658687 0.059062 0.108813 0.004625 0.168813 
285.500000 0.658563 0.059437 0.108500 0.004437 0.169063 
286.000000 0.654000 0.063687 0.108438 0.004812 0.169063 
286.500000 0.658438 0.059937 0.107688 0.004750 0.169187 
287.000000 0.659750 0.058375 0.107938 0.004500 0.169437 
287.500000 0.658813 0.059375 0.107375 0.004437 0.170000 
288.000000 0.657687 0.060437 0.108250 0.003875 0.169750 
288.500000 0.656500 0.061687 0.106938 0.005000 0.169875 
289.000000 0.655438 0.062812 0.107125 0.004375 0.170250 
289.500000 0.654750 0.063437 0.106688 0.004500 0.170625 
290.000000 0.655563 0.063125 0.106125 0.004750 0.170437 
290.500000 0.655438 0.063125 0.106313 0.004500 0.170625 
291.000000 0.655125 0.063312 0.106875 0.003750 0.170937 
291.500000 0.655062 0.063562 0.106188 0.004188 0.171000 
292.000000 0.655875 0.062687 0.105688 0.004437 0.171313 
292.500000 0.655625 0.063125 0.105500 0.004250 0.171500 
293.000000 0.655312 0.063625 0.104875 0.004375 0.171813 
293.500000 0.656250 0.062937 0.104688 0.004437 0.171687 
294.000000 0.656813 0.061875 0.105188 0.004375 0.171750 
294.500000 0.658312 0.060875 0.104688 0.004250 0.171875 
295.000000 0.659062 0.060375 0.104500 0.004063 0.172000 
295.500000 0.659250 0.060687 0.104188 0.004125 0.171750 
296.000000 0.658813 0.060812 0.104000 0.004250 0.172125 
296.500000 0.659500 0.060375 0.103563 0.004375 0.172187 
297.000000 0.659250 0.060687 0.103250 0.004437 0.172375 
297.500000 0.658875 0.061312 0.103125 0.004250 0.172437 
298.000000 0.659500 0.060812 0.102750 0.004375 0.172563 
298.500000 0.658250 0.061875 0.102375 0.005000 0.172500 
299.000000 0.660875 0.059500 0.101625 0.005125 0.172875 
299.500000 0.659125 0.061000 0.101813 0.005063 0.173000 
300.000000 0.658875 0.061625 0.102125 0.004437 0.172937 
300.500000 0.657375 0.063312 0.101875 0.004500 0.172937 
301.000000 0.659875 0.060875 0.102125 0.004000 0.173125 
301.500000 0.659687 0.060687 0.101938 0.004125 0.173563 
302.000000 0.660937 0.059625 0.101875 0.004375 0.173187 
302.500000 0.659813 0.060937 0.101562 0.004313 0.173375 
303.000000 0.659250 0.061625 0.101125 0.004500 0.173500 
303.500000 0.658188 0.063062 0.100687 0.004250 0.173813 
304.000000 0.661438 0.059500 0.101000 0.004562 0.173500 
304.500000 0.659813 0.061437 0.100312 0.004375 0.174063 
305.000000 0.661188 0.060312 0.100562 0.003812 0.174125 
305.500000 0.658813 0.062500 0.100125 0.004562 0.174000 
306.000000 0.659062 0.062375 0.100250 0.003875 0.174437 
306.500000 0.658188 0.063687 0.099625 0.003875 0.174625 
307.000000 0.657687 0.064062 0.099812 0.003687 0.174750 
307.500000 0.659625 0.061812 0.099562 0.004250 0.174750 
308.000000 0.659500 0.062000 0.100062 0.003938 0.174500 
308.500000 0.659188 0.062812 0.099625 0.003750 0.174625 
309.000000 0.659750 0.062625 0.099437 0.003563 0.174625 
309.500000 0.660500 0.061750 0.099562 0.003687 0.174500 
310.000000 0.660813 0.061437 0.099625 0.003500 0.174625 
310.500000 0.658500 0.063875 0.099062 0.003812 0.174750 
311.000000 0.660937 0.061437 0.099062 0.003875 0.174687 
311.500000 0.658312 0.064062 0.099187 0.003625 0.174813 
312.000000 0.661500 0.061187 0.099250 0.003125 0.174937 
312.500000 0.661875 0.060750 0.099437 0.003063 0.174875 
313.000000 0.660563 0.062062 0.099187 0.003187 0.175000 
313.500000 0.660438 0.062437 0.098937 0.003312 0.174875 
314.000000 0.660062 0.062500 0.099125 0.003187 0.175125 
314.500000 0.660937 0.061937 0.099500 0.002625 0.175000 
315.000000 0.661125 0.061875 0.098937 0.003063 0.175000 
315.500000 0.661687 0.061312 0.099187 0.002687 0.175125 
316.000000 0.661687 0.061187 0.098812 0.003312 0.175000 
316.500000 0.661625 0.061250 0.098375 0.003438 0.175313 
317.000000 0.661250 0.061812 0.098250 0.003250 0.175437 
317.500000 0.661125 0.062250 0.097562 0.003563 0.175500 
318.000000 0.660250 0.063437 0.097625 0.003375 0.175313 
318.500000 0.661937 0.061437 0.097687 0.003312 0.175625 
319.000000 0.662125 0.061250 0.097875 0.003187 0.175563 
319.500000 0.663312 0.060375 0.097250 0.003375 0.175687 
320.000000 0.664500 0.059250 0.097312 0.003375 0.175563 
320.500000 0.664500 0.059437 0.096937 0.003438 0.175687 
321.000000 0.664750 0.059000 0.097687 0.003125 0.175437 
321.500000 0.664250 0.059750 0.097250 0.003125 0.175625 
322.000000 0.665188 0.058625 0.097500 0.003125 0.175563 
322.500000 0.666312 0.057500 0.097500 0.003125 0.175563 
323.000000 0.664937 0.058812 0.097312 0.003563 0.175375 
323.500000 0.662750 0.061125 0.097375 0.003187 0.175563 
324.000000 0.664188 0.059937 0.096812 0.003375 0.175687 
324.500000 0.664188 0.059875 0.096812 0.003500 0.175625 
325.000000 0.666000 0.058563 0.096187 0.003250 0.176000 
325.500000 0.667063 0.057125 0.096500 0.003500 0.175813 
326.000000 0.667687 0.056438 0.096250 0.003563 0.176063 
326.500000 0.668063 0.056438 0.096000 0.003375 0.176125 
327.000000 0.668375 0.056500 0.096000 0.002875 0.176250 
327.500000 0.669125 0.055625 0.095687 0.002938 0.176625 
328.000000 0.666937 0.057875 0.095125 0.003187 0.176875 
328.500000 0.664750 0.059875 0.094937 0.003563 0.176875 
329.000000 0.666625 0.058250 0.094625 0.003375 0.177125 
329.500000 0.666875 0.058188 0.094750 0.003187 0.177000 
330.000000 0.665500 0.059125 0.094875 0.003438 0.177063 
330.500000 0.667687 0.057125 0.094687 0.003312 0.177187 
331.000000 0.667188 0.057625 0.094750 0.003312 0.177125 
331.500000 0.666625 0.058125 0.094437 0.003563 0.177250 
332.000000 0.665500 0.059562 0.094187 0.003500 0.177250 
332.500000 0.665375 0.059625 0.094125 0.003500 0.177375 
333.000000 0.665750 0.059687 0.093500 0.003438 0.177625 
333.500000 0.664937 0.060000 0.093125 0.003938 0.178000 
334.000000 0.664375 0.061125 0.092000 0.004375 0.178125 
334.500000 0.666063 0.059437 0.092313 0.004000 0.178187 
335.000000 0.666375 0.059625 0.091625 0.004250 0.178125 
335.500000 0.667687 0.058563 0.092188 0.003250 0.178313 
336.000000 0.666750 0.059312 0.092313 0.002875 0.178750 
336.500000 0.666875 0.059187 0.091813 0.003250 0.178875 
337.000000 0.667500 0.058563 0.091813 0.003187 0.178937 
337.500000 0.667937 0.057813 0.091750 0.003563 0.178937 
338.000000 0.669125 0.057000 0.091313 0.003625 0.178937 
338.500000 0.669125 0.056813 0.090938 0.004000 0.179125 
339.000000 0.668750 0.057313 0.091563 0.003375 0.179000 
339.500000 0.667375 0.058937 0.091438 0.003125 0.179125 
340.000000 0.667625 0.058563 0.090813 0.003687 0.179313 
340.500000 0.666562 0.059937 0.090500 0.003687 0.179313 
341.000000 0.668562 0.058438 0.089750 0.003812 0.179437 
341.500000 0.666438 0.060500 0.089875 0.003563 0.179625 
342.000000 0.665250 0.061312 0.090375 0.003438 0.179625 
342.500000 0.667312 0.059437 0.089875 0.003625 0.179750 
343.000000 0.665875 0.060812 0.089938 0.003312 0.180062 
343.500000 0.668063 0.058937 0.089688 0.003250 0.180062 
344.000000 0.666687 0.059812 0.090063 0.003375 0.180062 
344.500000 0.665500 0.061187 0.089938 0.003000 0.180375 
345.000000 0.666250 0.060750 0.089250 0.003063 0.180688 
345.500000 0.666625 0.060562 0.089250 0.003000 0.180562 
346.000000 0.667188 0.060250 0.089250 0.002750 0.180562 
346.500000 0.668562 0.058812 0.088750 0.003000 0.180875 
347.000000 0.669625 0.057750 0.088438 0.003000 0.181188 
347.500000 0.669438 0.058812 0.087375 0.003000 0.181375 
348.000000 0.667750 0.060250 0.087938 0.002812 0.181250 
348.500000 0.666625 0.061437 0.087313 0.002938 0.181688 
349.000000 0.665438 0.062687 0.087188 0.002875 0.181812 
349.500000 0.668000 0.060437 0.086438 0.003125 0.182000 
350.000000 0.666750 0.061750 0.086813 0.002875 0.181812 
350.500000 0.666500 0.062000 0.085875 0.003563 0.182062 
351.000000 0.665625 0.062250 0.086250 0.003625 0.182250 
351.500000 0.668813 0.059812 0.086125 0.003187 0.182062 
352.000000 0.668125 0.060562 0.085812 0.003312 0.182188 
