0.000000 0.425294 0.091765 0.268235 0.181176 0.033529 
0.500000 0.435294 0.078824 0.267059 0.185294 0.033529 
1.000000 0.426471 0.087647 0.272353 0.180000 0.033529 
1.500000 0.419412 0.095294 0.265294 0.185882 0.034118 
2.000000 0.429412 0.085294 0.267059 0.184706 0.033529 
2.500000 0.434118 0.078824 0.263529 0.190000 0.033529 
3.000000 0.421765 0.090588 0.265882 0.188235 0.033529 
3.500000 0.421765 0.091765 0.262941 0.190000 0.033529 
4.000000 0.417647 0.094706 0.267647 0.186471 0.033529 
4.500000 0.414118 0.098235 0.261765 0.192353 0.033529 
5.000000 0.417647 0.094118 0.265882 0.188824 0.033529 
5.500000 0.411765 0.100588 0.269412 0.184706 0.033529 
6.000000 0.417647 0.093529 0.277059 0.177647 0.034118 
6.500000 0.416471 0.098235 0.266471 0.184118 0.034706 
7.000000 0.403529 0.110588 0.271765 0.177647 0.036471 
7.500000 0.397647 0.118235 0.265882 0.181765 0.036471 
8.000000 0.391176 0.127647 0.272941 0.171765 0.036471 
8.500000 0.391176 0.133529 0.270000 0.168235 0.037059 
9.000000 0.392941 0.132353 0.273529 0.162941 0.038235 
9.500000 0.395294 0.134706 0.278824 0.151176 0.040000 
10.000000 0.394118 0.141176 0.283529 0.137647 0.043529 
10.500000 0.401176 0.136471 0.284706 0.131176 0.046471 
11.000000 0.402353 0.135294 0.282941 0.128235 0.051176 
11.500000 0.406471 0.135882 0.284118 0.121765 0.051765 
12.000000 0.412941 0.134706 0.284118 0.114118 0.054118 
12.500000 0.408235 0.140000 0.287647 0.109412 0.054706 
13.000000 0.417647 0.133529 0.288235 0.103529 0.057059 
13.500000 0.424118 0.131176 0.290000 0.096471 0.058235 
14.000000 0.427647 0.135294 0.282941 0.093529 0.060588 
14.500000 0.424706 0.136471 0.285294 0.093529 0.060000 
15.000000 0.434706 0.127059 0.288235 0.088824 0.061176 
15.500000 0.437647 0.124118 0.291765 0.084706 0.061765 
16.000000 0.444706 0.119412 0.289412 0.082941 0.063529 
16.500000 0.447059 0.117059 0.288824 0.081765 0.065294 
17.000000 0.455294 0.110588 0.285882 0.082353 0.065882 
17.500000 0.455294 0.112941 0.283529 0.081765 0.066471 
18.000000 0.461765 0.107647 0.285882 0.077647 0.067059 
18.500000 0.464118 0.105294 0.285882 0.076471 0.068235 
19.000000 0.467647 0.105882 0.285294 0.071765 0.069412 
19.500000 0.467647 0.105294 0.286471 0.071765 0.068824 
20.000000 0.468824 0.105294 0.287059 0.070000 0.068824 
20.500000 0.470000 0.105882 0.285882 0.067059 0.071176 
21.000000 0.470000 0.107647 0.284118 0.067059 0.071176 
21.500000 0.475882 0.101176 0.284706 0.063529 0.074706 
22.000000 0.473529 0.102941 0.283529 0.064706 0.075294 
22.500000 0.478235 0.100000 0.282941 0.064118 0.074706 
23.000000 0.479412 0.098824 0.285882 0.061176 0.074706 
23.500000 0.483529 0.097059 0.290000 0.053529 0.075882 
24.000000 0.484118 0.095294 0.288824 0.056471 0.075294 
24.500000 0.490000 0.092353 0.288235 0.053529 0.075882 
25.000000 0.495294 0.090000 0.281176 0.055294 0.078235 
25.500000 0.491765 0.090588 0.282941 0.055882 0.078824 
26.000000 0.492353 0.089412 0.280588 0.057647 0.080000 
26.500000 0.497059 0.084706 0.280588 0.057647 0.080000 
27.000000 0.497647 0.085882 0.280000 0.055882 0.080588 
27.500000 0.496471 0.091176 0.279412 0.052353 0.080588 
28.000000 0.504118 0.081765 0.282353 0.050588 0.081176 
28.500000 0.504706 0.081765 0.280588 0.051176 0.081765 
29.000000 0.507647 0.078824 0.282353 0.049412 0.081765 
29.500000 0.507647 0.080588 0.280000 0.048824 0.082941 
30.000000 0.512353 0.076471 0.279412 0.048235 0.083529 
30.500000 0.507059 0.082941 0.280588 0.046471 0.082941 
31.000000 0.507059 0.082353 0.278824 0.048235 0.083529 
31.500000 0.504706 0.085294 0.281765 0.044118 0.084118 
32.000000 0.512353 0.078824 0.278824 0.045294 0.084706 
32.500000 0.517059 0.074706 0.277059 0.044706 0.086471 
33.000000 0.518824 0.072941 0.274706 0.045294 0.088235 
33.500000 0.517059 0.075882 0.277647 0.039412 0.090000 
34.000000 0.522353 0.073529 0.276471 0.038824 0.088824 
34.500000 0.518824 0.075882 0.275882 0.038824 0.090588 
35.000000 0.525882 0.070000 0.274118 0.039412 0.090588 
35.500000 0.525294 0.072353 0.272353 0.038235 0.091765 
36.000000 0.522941 0.073529 0.274706 0.035294 0.093529 
36.500000 0.526471 0.070000 0.272353 0.036471 0.094706 
37.000000 0.528235 0.068824 0.272941 0.035882 0.094118 
37.500000 0.526471 0.073529 0.270000 0.035882 0.094118 
38.000000 0.536471 0.065294 0.268824 0.033529 0.095882 
38.500000 0.537647 0.064118 0.268235 0.033529 0.096471 
39.000000 0.537647 0.062941 0.269412 0.033529 0.096471 
39.500000 0.538824 0.065294 0.265294 0.032941 0.097647 
40.000000 0.537647 0.064706 0.270000 0.030000 0.097647 
40.500000 0.542941 0.062353 0.270588 0.027647 0.096471 
41.000000 0.541176 0.063529 0.268824 0.029412 0.097059 
41.500000 0.545294 0.059412 0.268824 0.030000 0.096471 
42.000000 0.547647 0.058235 0.265882 0.031176 0.097059 
42.500000 0.547059 0.058824 0.264706 0.031176 0.098235 
43.000000 0.543529 0.062941 0.264118 0.031176 0.098235 
43.500000 0.539412 0.067647 0.262353 0.030000 0.100588 
44.000000 0.543529 0.062353 0.264118 0.029412 0.100588 
44.500000 0.548824 0.058824 0.264118 0.027059 0.101176 
45.000000 0.545882 0.061765 0.261765 0.027059 0.103529 
45.500000 0.539412 0.068235 0.261176 0.027647 0.103529 
46.000000 0.540000 0.068824 0.261176 0.026471 0.103529 
46.500000 0.540000 0.068235 0.258824 0.028235 0.104706 
47.000000 0.544706 0.064118 0.259412 0.027059 0.104706 
47.500000 0.542353 0.064706 0.259412 0.027059 0.106471 
48.000000 0.544706 0.063529 0.260000 0.025882 0.105882 
48.500000 0.542353 0.064706 0.260588 0.025882 0.106471 
49.000000 0.540588 0.067059 0.258235 0.027647 0.106471 
49.500000 0.534706 0.073529 0.256471 0.027647 0.107647 
50.000000 0.541765 0.067647 0.258235 0.024706 0.107647 
50.500000 0.541765 0.067647 0.255294 0.026471 0.108824 
51.000000 0.544118 0.065294 0.256471 0.025882 0.108235 
51.500000 0.545882 0.063529 0.254706 0.027647 0.108235 
52.000000 0.555882 0.056471 0.251765 0.027059 0.108824 
52.500000 0.550588 0.061765 0.251765 0.025294 0.110588 
53.000000 0.552353 0.060588 0.253529 0.022941 0.110588 
53.500000 0.549412 0.064118 0.253529 0.022353 0.110588 
54.000000 0.551176 0.062941 0.252353 0.022353 0.111176 
54.500000 0.561765 0.051176 0.252941 0.022941 0.111176 
55.000000 0.550000 0.062941 0.250000 0.024118 0.112941 
55.500000 0.557647 0.057059 0.247647 0.023529 0.114118 
56.000000 0.552941 0.061176 0.248235 0.021765 0.115882 
56.500000 0.561765 0.055882 0.243529 0.022941 0.115882 
57.000000 0.552353 0.064118 0.241765 0.025294 0.116471 
57.500000 0.562941 0.054706 0.245294 0.020000 0.117059 
58.000000 0.564706 0.054118 0.243529 0.020000 0.117647 
58.500000 0.560588 0.060588 0.241765 0.020000 0.117059 
59.000000 0.560588 0.060000 0.241765 0.020588 0.117059 
59.500000 0.562941 0.058824 0.240588 0.020000 0.117647 
60.000000 0.561765 0.060000 0.241765 0.018824 0.117647 
60.500000 0.562353 0.060000 0.239412 0.020000 0.118235 
61.000000 0.562353 0.059412 0.242353 0.018235 0.117647 
61.500000 0.567647 0.052941 0.242353 0.017647 0.119412 
62.000000 0.568824 0.052941 0.241765 0.017059 0.119412 
62.500000 0.568235 0.053529 0.239412 0.018824 0.120000 
63.000000 0.566471 0.055882 0.238235 0.020000 0.119412 
63.500000 0.571765 0.051765 0.237647 0.019412 0.119412 
64.000000 0.572353 0.053529 0.238824 0.015882 0.119412 
64.500000 0.578235 0.047647 0.241176 0.013529 0.119412 
65.000000 0.572941 0.052353 0.241176 0.013529 0.120000 
65.500000 0.577059 0.050000 0.240000 0.012941 0.120000 
66.000000 0.574118 0.054118 0.237059 0.014118 0.120588 
66.500000 0.570588 0.057059 0.236471 0.013529 0.122353 
67.000000 0.565882 0.061176 0.235882 0.014118 0.122941 
67.500000 0.567647 0.060000 0.236471 0.013529 0.122353 
68.000000 0.571176 0.057059 0.234118 0.014118 0.123529 
68.500000 0.571765 0.056471 0.237059 0.012941 0.121765 
69.000000 0.568824 0.058824 0.237647 0.011765 0.122941 
69.500000 0.573529 0.054118 0.237647 0.011765 0.122941 
70.000000 0.572941 0.055294 0.235882 0.011765 0.124118 
70.500000 0.581765 0.047647 0.236471 0.009412 0.124706 
71.000000 0.579412 0.050000 0.232353 0.013529 0.124706 
71.500000 0.583529 0.047059 0.231176 0.012353 0.125882 
72.000000 0.582941 0.048824 0.230588 0.012353 0.125294 
72.500000 0.584706 0.046471 0.229412 0.012941 0.126471 
73.000000 0.582941 0.049412 0.227647 0.012941 0.127059 
73.500000 0.588824 0.044118 0.225294 0.014118 0.127647 
74.000000 0.589412 0.043529 0.226471 0.012941 0.127647 
74.500000 0.590588 0.043529 0.222353 0.015882 0.127647 
75.000000 0.584706 0.048824 0.223529 0.014706 0.128235 
75.500000 0.580000 0.051765 0.222353 0.016471 0.129412 
76.000000 0.587647 0.044706 0.224118 0.014118 0.129412 
76.500000 0.588824 0.044118 0.224706 0.011765 0.130588 
77.000000 0.587647 0.045882 0.224118 0.011765 0.130588 
77.500000 0.593529 0.041176 0.224118 0.010588 0.130588 
78.000000 0.585882 0.048824 0.223529 0.010588 0.131176 
78.500000 0.584706 0.050000 0.222941 0.011176 0.131176 
79.000000 0.584706 0.050588 0.222353 0.011176 0.131176 
79.500000 0.585294 0.050000 0.222941 0.010000 0.131765 
80.000000 0.587059 0.048235 0.218824 0.011765 0.134118 
80.500000 0.589412 0.047059 0.217647 0.012353 0.133529 
81.000000 0.590000 0.045294 0.218824 0.012353 0.133529 
81.500000 0.587059 0.048235 0.220000 0.010588 0.134118 
82.000000 0.585294 0.051176 0.220000 0.008235 0.135294 
82.500000 0.592941 0.044706 0.216471 0.010588 0.135294 
83.000000 0.592941 0.045882 0.216471 0.009412 0.135294 
83.500000 0.595882 0.042941 0.214118 0.011176 0.135882 
84.000000 0.592941 0.045294 0.215882 0.010000 0.135882 
84.500000 0.597059 0.042353 0.214706 0.010588 0.135294 
85.000000 0.597059 0.043529 0.214706 0.009412 0.135294 
85.500000 0.595882 0.044118 0.213529 0.010000 0.136471 
86.000000 0.595882 0.044118 0.214118 0.009412 0.136471 
86.500000 0.594706 0.046471 0.211765 0.010000 0.137059 
87.000000 0.595294 0.047059 0.207059 0.012353 0.138235 
87.500000 0.592353 0.049412 0.208235 0.012353 0.137647 
88.000000 0.594118 0.047059 0.208235 0.012941 0.137647 
88.500000 0.597647 0.045882 0.207647 0.010588 0.138235 
89.000000 0.595882 0.046471 0.208824 0.011176 0.137647 
89.500000 0.597647 0.045294 0.207647 0.011765 0.137647 
90.000000 0.592353 0.049412 0.208824 0.012353 0.137059 
90.500000 0.594706 0.048824 0.205882 0.013529 0.137059 
91.000000 0.594706 0.048824 0.208235 0.010588 0.137647 
91.500000 0.597059 0.047647 0.207647 0.010000 0.137647 
92.000000 0.595882 0.048824 0.207059 0.010588 0.137647 
92.500000 0.598235 0.047059 0.204706 0.012353 0.137647 
93.000000 0.594118 0.049412 0.207059 0.011765 0.137647 
93.500000 0.592941 0.052941 0.204706 0.012353 0.137059 
94.000000 0.593529 0.051765 0.201176 0.014706 0.138824 
94.500000 0.595294 0.050000 0.203529 0.012353 0.138824 
95.000000 0.600588 0.045294 0.202353 0.012941 0.138824 
95.500000 0.598235 0.050000 0.201176 0.010588 0.140000 
96.000000 0.595294 0.053529 0.199412 0.011176 0.140588 
96.500000 0.605882 0.042353 0.196471 0.013529 0.141765 
97.000000 0.602353 0.045294 0.197647 0.012353 0.142353 
97.500000 0.601765 0.048235 0.194706 0.012353 0.142941 
98.000000 0.602941 0.045294 0.197059 0.011765 0.142941 
98.500000 0.602941 0.045294 0.197647 0.010588 0.143529 
99.000000 0.600588 0.048824 0.195294 0.011765 0.143529 
99.500000 0.598824 0.050000 0.195882 0.010588 0.144706 
100.000000 0.597059 0.051765 0.197647 0.010000 0.143529 
100.500000 0.600588 0.050000 0.195294 0.008824 0.145294 
101.000000 0.602941 0.047059 0.194118 0.010588 0.145294 
101.500000 0.594118 0.055882 0.194118 0.010588 0.145294 
102.000000 0.597647 0.052353 0.195882 0.008824 0.145294 
102.500000 0.595882 0.053529 0.195882 0.009412 0.145294 
103.000000 0.591765 0.058235 0.194706 0.008824 0.146471 
103.500000 0.593529 0.057647 0.191176 0.010588 0.147059 
104.000000 0.594118 0.057059 0.190000 0.011765 0.147059 
104.500000 0.595294 0.055294 0.189412 0.013529 0.146471 
105.000000 0.597647 0.054118 0.188235 0.012941 0.147059 
105.500000 0.596471 0.055882 0.185882 0.013529 0.148235 
106.000000 0.589412 0.063529 0.186471 0.012353 0.148235 
106.500000 0.590588 0.061765 0.184118 0.015294 0.148235 
107.000000 0.589412 0.062941 0.186471 0.013529 0.147647 
107.500000 0.598235 0.054118 0.188235 0.011765 0.147647 
108.000000 0.599412 0.053529 0.188235 0.011176 0.147647 
108.500000 0.597647 0.054706 0.188235 0.011176 0.148235 
109.000000 0.596471 0.056471 0.185882 0.012941 0.148235 
109.500000 0.595294 0.058824 0.187059 0.010000 0.148824 
110.000000 0.594118 0.058235 0.186471 0.011176 0.150000 
110.500000 0.595294 0.058824 0.185294 0.010588 0.150000 
111.000000 0.594706 0.058824 0.185882 0.010588 0.150000 
111.500000 0.598235 0.057059 0.184706 0.009412 0.150588 
112.000000 0.594118 0.061176 0.184118 0.009412 0.151176 
112.500000 0.592941 0.062941 0.181176 0.011176 0.151765 
113.000000 0.602941 0.053529 0.182353 0.008235 0.152941 
113.500000 0.601176 0.054706 0.182353 0.008824 0.152941 
114.000000 0.599412 0.055882 0.181176 0.010000 0.153529 
114.500000 0.601176 0.055882 0.175882 0.010000 0.157059 
115.000000 0.597059 0.060000 0.176471 0.009412 0.157059 
115.500000 0.602353 0.055294 0.176471 0.009412 0.156471 
116.000000 0.601176 0.057059 0.175294 0.010000 0.156471 
116.500000 0.601176 0.056471 0.174706 0.011176 0.156471 
117.000000 0.598824 0.059412 0.174118 0.010588 0.157059 
117.500000 0.600000 0.057647 0.176471 0.009412 0.156471 
118.000000 0.597059 0.061765 0.176471 0.008235 0.156471 
118.500000 0.600588 0.058235 0.174706 0.009412 0.157059 
119.000000 0.602353 0.056471 0.173529 0.009412 0.158235 
119.500000 0.604118 0.055882 0.172941 0.009412 0.157647 
120.000000 0.598824 0.061176 0.172353 0.009412 0.158235 
120.500000 0.598235 0.061176 0.170588 0.012353 0.157647 
121.000000 0.598824 0.060000 0.172941 0.011176 0.157059 
121.500000 0.604706 0.055882 0.170588 0.011765 0.157059 
122.000000 0.602353 0.058235 0.170000 0.012353 0.157059 
122.500000 0.602353 0.057647 0.168235 0.012941 0.158824 
123.000000 0.603529 0.057647 0.168235 0.011765 0.158824 
123.500000 0.605882 0.057059 0.165294 0.011765 0.160000 
124.000000 0.604706 0.057647 0.167059 0.010588 0.160000 
124.500000 0.602941 0.059412 0.165882 0.011765 0.160000 
125.000000 0.604118 0.058235 0.163529 0.014118 0.160000 
125.500000 0.601765 0.060000 0.165882 0.013529 0.158824 
126.000000 0.610000 0.052353 0.165882 0.012941 0.158824 
126.500000 0.610588 0.052941 0.162353 0.014118 0.160000 
127.000000 0.607647 0.055294 0.164118 0.012353 0.160588 
127.500000 0.610000 0.053529 0.162941 0.012941 0.160588 
128.000000 0.608824 0.054706 0.162941 0.012941 0.160588 
128.500000 0.608824 0.055294 0.162941 0.012353 0.160588 
129.000000 0.606471 0.056471 0.163529 0.012941 0.160588 
129.500000 0.610000 0.053529 0.163529 0.012353 0.160588 
130.000000 0.606471 0.057059 0.164706 0.011176 0.160588 
130.500000 0.603529 0.060000 0.165294 0.010588 0.160588 
131.000000 0.608824 0.054706 0.162353 0.013529 0.160588 
131.500000 0.609412 0.053529 0.163529 0.012353 0.161176 
132.000000 0.607647 0.055882 0.160000 0.014118 0.162353 
132.500000 0.604706 0.057059 0.164706 0.011765 0.161765 
133.000000 0.605882 0.058235 0.162353 0.011765 0.161765 
133.500000 0.602941 0.060000 0.162941 0.012353 0.161765 
134.000000 0.606471 0.057647 0.162941 0.010588 0.162353 
134.500000 0.605882 0.058824 0.160000 0.012353 0.162941 
135.000000 0.609412 0.056471 0.156471 0.013529 0.164118 
135.500000 0.606471 0.060588 0.158235 0.011765 0.162941 
136.000000 0.611176 0.055294 0.157647 0.011765 0.164118 
136.500000 0.610000 0.055294 0.160588 0.010000 0.164118 
137.000000 0.611176 0.054706 0.158235 0.011176 0.164706 
137.500000 0.614118 0.053529 0.157059 0.010588 0.164706 
138.000000 0.613529 0.054706 0.156471 0.010000 0.165294 
138.500000 0.610000 0.058824 0.155294 0.010588 0.165294 
139.000000 0.613529 0.056471 0.155294 0.009412 0.165294 
139.500000 0.610000 0.060588 0.155882 0.007647 0.165882 
140.000000 0.610000 0.059412 0.154706 0.009412 0.166471 
140.500000 0.611765 0.058824 0.151176 0.011765 0.166471 
141.000000 0.607647 0.062941 0.154706 0.008235 0.166471 
141.500000 0.610000 0.060588 0.154706 0.009412 0.165294 
142.000000 0.606471 0.064118 0.154706 0.008824 0.165882 
142.500000 0.614118 0.058235 0.153529 0.007059 0.167059 
143.000000 0.615882 0.055882 0.155294 0.006471 0.166471 
143.500000 0.622353 0.049412 0.154118 0.007647 0.166471 
144.000000 0.616471 0.057647 0.152941 0.006471 0.166471 
144.500000 0.623529 0.050000 0.153529 0.006471 0.166471 
145.000000 0.619412 0.053529 0.152353 0.007059 0.167647 
145.500000 0.620000 0.054706 0.151176 0.005882 0.168235 
146.000000 0.617059 0.056471 0.153529 0.004706 0.168235 
146.500000 0.627647 0.045882 0.153529 0.004706 0.168235 
147.000000 0.622353 0.051176 0.154118 0.003529 0.168824 
147.500000 0.614706 0.058824 0.152353 0.004706 0.169412 
148.000000 0.621176 0.051765 0.151765 0.005294 0.170000 
148.500000 0.615882 0.057647 0.151765 0.005294 0.169412 
149.000000 0.612941 0.060588 0.151765 0.004706 0.170000 
149.500000 0.612353 0.060588 0.152353 0.005294 0.169412 
150.000000 0.614706 0.059412 0.151176 0.004706 0.170000 
150.500000 0.618235 0.055294 0.150588 0.006471 0.169412 
151.000000 0.614706 0.060000 0.148235 0.006471 0.170588 
151.500000 0.618235 0.056471 0.150000 0.004706 0.170588 
152.000000 0.615882 0.058235 0.149412 0.005294 0.171176 
152.500000 0.615882 0.057647 0.148824 0.006471 0.171176 
153.000000 0.618824 0.055882 0.148235 0.006471 0.170588 
153.500000 0.614118 0.060588 0.147059 0.007059 0.171176 
154.000000 0.618235 0.056471 0.144706 0.008824 0.171765 
154.500000 0.611176 0.063529 0.144706 0.008824 0.171765 
155.000000 0.614706 0.060588 0.145882 0.007647 0.171176 
155.500000 0.618235 0.056471 0.146471 0.007059 0.171765 
156.000000 0.622353 0.052941 0.145882 0.006471 0.172353 
156.500000 0.618824 0.055294 0.146471 0.007059 0.172353 
157.000000 0.612941 0.062353 0.145294 0.007059 0.172353 
157.500000 0.612353 0.063529 0.144118 0.007647 0.172353 
158.000000 0.614118 0.062353 0.140588 0.008824 0.174118 
158.500000 0.612941 0.064118 0.140000 0.008824 0.174118 
159.000000 0.609412 0.066471 0.139412 0.010588 0.174118 
159.500000 0.614706 0.062353 0.139412 0.008824 0.174706 
160.000000 0.617059 0.059412 0.140000 0.008235 0.175294 
160.500000 0.618824 0.057059 0.141176 0.007647 0.175294 
161.000000 0.613529 0.062941 0.140000 0.008824 0.174706 
161.500000 0.615294 0.061176 0.141176 0.008235 0.174118 
162.000000 0.615294 0.061176 0.141176 0.007059 0.175294 
162.500000 0.620000 0.055882 0.139412 0.010000 0.174706 
163.000000 0.614706 0.061765 0.141176 0.007059 0.175294 
163.500000 0.614706 0.062941 0.138824 0.007647 0.175882 
164.000000 0.614706 0.062941 0.140588 0.007059 0.174706 
164.500000 0.611176 0.066471 0.139412 0.006471 0.176471 
165.000000 0.614118 0.062941 0.140000 0.007059 0.175882 
165.500000 0.610000 0.067059 0.142353 0.005882 0.174706 
166.000000 0.614118 0.063529 0.141765 0.005882 0.174706 
166.500000 0.615294 0.062353 0.139412 0.006471 0.176471 
167.000000 0.622941 0.055294 0.140588 0.005882 0.175294 
167.500000 0.615882 0.061765 0.141176 0.005882 0.175294 
168.000000 0.615882 0.061176 0.141176 0.006471 0.175294 
168.500000 0.620588 0.057059 0.142941 0.005294 0.174118 
169.000000 0.620000 0.058235 0.141176 0.005294 0.175294 
169.500000 0.615882 0.061176 0.142353 0.005882 0.174706 
170.000000 0.615882 0.061765 0.142353 0.005294 0.174706 
170.500000 0.618235 0.059412 0.139412 0.007059 0.175882 
171.000000 0.622353 0.057059 0.139412 0.005882 0.175294 
171.500000 0.622941 0.056471 0.138235 0.005882 0.176471 
172.000000 0.621176 0.058235 0.139412 0.005294 0.175882 
172.500000 0.618235 0.061176 0.140000 0.004706 0.175882 
173.000000 0.619412 0.060000 0.138824 0.005294 0.176471 
173.500000 0.624706 0.054706 0.138824 0.005294 0.176471 
174.000000 0.624706 0.054706 0.137059 0.007059 0.176471 
174.500000 0.627059 0.052941 0.136471 0.005882 0.177647 
175.000000 0.623529 0.055882 0.136471 0.007059 0.177059 
175.500000 0.625294 0.054118 0.137647 0.005882 0.177059 
176.000000 0.625294 0.054118 0.135882 0.008235 0.176471 
176.500000 0.627647 0.052941 0.137059 0.005294 0.177059 
177.000000 0.626471 0.054118 0.137059 0.004118 0.178235 
177.500000 0.624706 0.055882 0.136471 0.005882 0.177059 
178.000000 0.623529 0.057059 0.135882 0.005294 0.178235 
178.500000 0.623529 0.057647 0.134706 0.005882 0.178235 
179.000000 0.622353 0.058235 0.136471 0.004706 0.178235 
179.500000 0.624118 0.057059 0.132941 0.007059 0.178824 
180.000000 0.622941 0.058824 0.134706 0.005882 0.177647 
180.500000 0.625294 0.056471 0.135294 0.005294 0.177647 
181.000000 0.627059 0.054118 0.135294 0.005882 0.177647 
181.500000 0.633529 0.048235 0.134118 0.005882 0.178235 
182.000000 0.631176 0.050588 0.133529 0.007059 0.177647 
182.500000 0.627647 0.054118 0.132941 0.007647 0.177647 
183.000000 0.636471 0.047059 0.132353 0.005294 0.178824 
183.500000 0.628235 0.054706 0.132353 0.006471 0.178235 
184.000000 0.629412 0.053529 0.132353 0.005882 0.178824 
184.500000 0.629412 0.052941 0.130588 0.007647 0.179412 
185.000000 0.637647 0.044706 0.132353 0.006471 0.178824 
185.500000 0.628235 0.053529 0.131765 0.007059 0.179412 
186.000000 0.626471 0.054706 0.131176 0.007059 0.180588 
186.500000 0.627059 0.054118 0.130588 0.008235 0.180000 
187.000000 0.628824 0.052941 0.130588 0.007059 0.180588 
187.500000 0.635294 0.047647 0.130000 0.006471 0.180588 
188.000000 0.634118 0.048235 0.128824 0.008235 0.180588 
188.500000 0.631765 0.049412 0.130588 0.007059 0.181176 
189.000000 0.627059 0.053529 0.130000 0.007647 0.181765 
189.500000 0.633529 0.048824 0.126471 0.009412 0.181765 
190.000000 0.637647 0.045882 0.127647 0.008824 0.180000 
190.500000 0.634118 0.049412 0.128824 0.007059 0.180588 
191.000000 0.636471 0.047647 0.129412 0.005882 0.180588 
191.500000 0.636471 0.047059 0.128824 0.006471 0.181176 
192.000000 0.630000 0.052941 0.129412 0.007059 0.180588 
192.500000 0.628824 0.052941 0.128824 0.008824 0.180588 
193.000000 0.631176 0.050588 0.128235 0.010000 0.180000 
193.500000 0.635294 0.046471 0.128235 0.009412 0.180588 
194.000000 0.635294 0.045294 0.129412 0.008824 0.181176 
194.500000 0.632353 0.050000 0.129412 0.008235 0.180000 
195.000000 0.633529 0.048235 0.131765 0.005882 0.180588 
195.500000 0.632941 0.049412 0.130588 0.006471 0.180588 
196.000000 0.631765 0.050588 0.130588 0.007647 0.179412 
196.500000 0.633529 0.050000 0.130000 0.007059 0.179412 
197.000000 0.633529 0.050588 0.131176 0.005294 0.179412 
197.500000 0.632353 0.051765 0.130588 0.005882 0.179412 
198.000000 0.634706 0.048824 0.129412 0.006471 0.180588 
198.500000 0.628235 0.054706 0.130000 0.006471 0.180588 
199.000000 0.632941 0.050000 0.130588 0.005882 0.180588 
199.500000 0.629412 0.053529 0.128824 0.007647 0.180588 
200.000000 0.631176 0.052353 0.128824 0.007059 0.180588 
200.500000 0.635882 0.048824 0.128235 0.006471 0.180588 
201.000000 0.631765 0.053529 0.127059 0.007059 0.180588 
201.500000 0.637647 0.047647 0.125882 0.007059 0.181765 
202.000000 0.637059 0.047647 0.127647 0.006471 0.181176 
202.500000 0.632941 0.051765 0.125882 0.007059 0.182353 
203.000000 0.637059 0.047059 0.128235 0.006471 0.181176 
203.500000 0.640000 0.046471 0.127059 0.005882 0.180588 
204.000000 0.640000 0.044706 0.127647 0.005294 0.182353 
204.500000 0.636471 0.046471 0.130588 0.005882 0.180588 
205.000000 0.642941 0.040588 0.128824 0.005882 0.181765 
205.500000 0.636471 0.047059 0.130000 0.004706 0.181765 
206.000000 0.639412 0.045294 0.125882 0.006471 0.182941 
206.500000 0.641176 0.044118 0.126471 0.005882 0.182353 
207.000000 0.641765 0.045294 0.124706 0.005882 0.182353 
207.500000 0.640588 0.047059 0.125882 0.004118 0.182353 
208.000000 0.643529 0.044118 0.126471 0.004118 0.181765 
208.500000 0.641176 0.045294 0.126471 0.004706 0.182353 
209.000000 0.636471 0.051765 0.124118 0.005294 0.182353 
209.500000 0.637059 0.051176 0.125882 0.004118 0.181765 
210.000000 0.641176 0.047647 0.125294 0.004118 0.181765 
210.500000 0.640588 0.048235 0.123529 0.005294 0.182353 
211.000000 0.641176 0.049412 0.123529 0.003529 0.182353 
211.500000 0.646471 0.043529 0.123529 0.004118 0.182353 
212.000000 0.646471 0.044118 0.122941 0.003529 0.182941 
212.500000 0.642941 0.047647 0.122941 0.004118 0.182353 
213.000000 0.644118 0.046471 0.120588 0.004706 0.184118 
213.500000 0.645294 0.045294 0.122353 0.002941 0.184118 
214.000000 0.648824 0.042941 0.121765 0.002941 0.183529 
214.500000 0.644706 0.047059 0.121765 0.002941 0.183529 
215.000000 0.641176 0.048235 0.122353 0.004706 0.183529 
215.500000 0.638824 0.051176 0.121765 0.004118 0.184118 
216.000000 0.642941 0.047059 0.120588 0.005294 0.184118 
216.500000 0.641176 0.048824 0.121176 0.004706 0.184118 
217.000000 0.639412 0.051176 0.120000 0.005294 0.184118 
217.500000 0.637059 0.053529 0.118824 0.005882 0.184706 
218.000000 0.641176 0.049412 0.117647 0.006471 0.185294 
218.500000 0.636471 0.054706 0.117647 0.005294 0.185882 
219.000000 0.634118 0.055294 0.118235 0.006471 0.185882 
219.500000 0.641765 0.048824 0.119412 0.004706 0.185294 
220.000000 0.636471 0.054706 0.117059 0.005882 0.185882 
220.500000 0.640588 0.051765 0.117059 0.005294 0.185294 
221.000000 0.635294 0.056471 0.115882 0.005882 0.186471 
221.500000 0.642353 0.050588 0.114118 0.006471 0.186471 
222.000000 0.640000 0.052941 0.115294 0.006471 0.185294 
222.500000 0.639412 0.054118 0.116471 0.004118 0.185882 
223.000000 0.641176 0.052353 0.116471 0.004118 0.185882 
223.500000 0.639412 0.054706 0.114706 0.005294 0.185882 
224.000000 0.640000 0.054118 0.115882 0.004118 0.185882 
224.500000 0.645294 0.049412 0.114118 0.005294 0.185882 
225.000000 0.647059 0.048235 0.115294 0.003529 0.185882 
225.500000 0.641765 0.052353 0.115294 0.004118 0.186471 
226.000000 0.643529 0.052941 0.113529 0.002941 0.187059 
226.500000 0.645882 0.050000 0.112941 0.003529 0.187647 
227.000000 0.646471 0.048235 0.114118 0.004118 0.187059 
227.500000 0.647059 0.048235 0.111765 0.005294 0.187647 
228.000000 0.644118 0.050588 0.111765 0.004706 0.188824 
228.500000 0.644706 0.050000 0.112353 0.004706 0.188235 
229.000000 0.642353 0.052353 0.111176 0.005294 0.188824 
229.500000 0.643529 0.051765 0.110588 0.005294 0.188824 
230.000000 0.642941 0.052353 0.109412 0.005882 0.189412 
230.500000 0.648824 0.047059 0.110588 0.004706 0.188824 
231.000000 0.648235 0.047647 0.108824 0.005294 0.190000 
231.500000 0.643529 0.052353 0.108824 0.005294 0.190000 
232.000000 0.644118 0.051765 0.108235 0.005882 0.190000 
232.500000 0.643529 0.053529 0.107647 0.004118 0.191176 
233.000000 0.642941 0.053529 0.109412 0.002941 0.191176 
233.500000 0.641176 0.055882 0.107059 0.004118 0.191765 
234.000000 0.641765 0.055882 0.108824 0.002353 0.191176 
234.500000 0.641765 0.055882 0.107647 0.002941 0.191765 
235.000000 0.637059 0.059412 0.107647 0.004118 0.191765 
235.500000 0.640000 0.058235 0.107059 0.003529 0.191176 
236.000000 0.640000 0.058235 0.105882 0.003529 0.192353 
236.500000 0.640588 0.057059 0.106471 0.004118 0.191765 
237.000000 0.640000 0.057647 0.106471 0.002941 0.192941 
237.500000 0.643529 0.054118 0.108235 0.002353 0.191765 
238.000000 0.635882 0.061765 0.107059 0.002941 0.192353 
238.500000 0.638824 0.058824 0.107647 0.002353 0.192353 
239.000000 0.640000 0.057647 0.105294 0.004118 0.192941 
239.500000 0.638235 0.059412 0.104118 0.005882 0.192353 
240.000000 0.638235 0.058824 0.105294 0.005294 0.192353 
240.500000 0.636471 0.060588 0.105294 0.004706 0.192941 
241.000000 0.633529 0.064118 0.105294 0.004118 0.192941 
241.500000 0.631176 0.066471 0.105294 0.003529 0.193529 
242.000000 0.634706 0.064118 0.103529 0.004118 0.193529 
242.500000 0.637647 0.060588 0.103529 0.004706 0.193529 
243.000000 0.638235 0.060588 0.103529 0.004118 0.193529 
243.500000 0.639412 0.058235 0.104118 0.004706 0.193529 
244.000000 0.630588 0.068824 0.103529 0.003529 0.193529 
244.500000 0.637647 0.061765 0.102353 0.004118 0.194118 
245.000000 0.635882 0.062941 0.102353 0.005882 0.192941 
245.500000 0.634706 0.064706 0.099412 0.007647 0.193529 
246.000000 0.628824 0.070000 0.103529 0.004118 0.193529 
246.500000 0.635882 0.062941 0.101176 0.005294 0.194706 
247.000000 0.627059 0.072353 0.100000 0.005294 0.195294 
247.500000 0.631176 0.068824 0.099412 0.004706 0.195882 
248.000000 0.633529 0.066471 0.100588 0.003529 0.195882 
248.500000 0.634118 0.065294 0.099412 0.005294 0.195882 
249.000000 0.634706 0.065294 0.098235 0.004706 0.197059 
249.500000 0.637647 0.062941 0.095294 0.006471 0.197647 
250.000000 0.634706 0.065294 0.097059 0.005294 0.197647 
250.500000 0.637059 0.063529 0.095882 0.005294 0.198235 
251.000000 0.632353 0.068235 0.095294 0.005882 0.198235 
251.500000 0.638235 0.064118 0.092353 0.007059 0.198235 
252.000000 0.631765 0.071176 0.092941 0.005294 0.198824 
252.500000 0.634706 0.067059 0.094118 0.005882 0.198235 
253.000000 0.636471 0.064706 0.093529 0.006471 0.198824 
253.500000 0.634706 0.068235 0.090588 0.006471 0.200000 
254.000000 0.638235 0.064118 0.093529 0.004118 0.200000 
254.500000 0.637647 0.064118 0.092941 0.004706 0.200588 
255.000000 0.638824 0.064706 0.093529 0.004118 0.198824 
255.500000 0.634706 0.067647 0.092353 0.005294 0.200000 
256.000000 0.634118 0.068824 0.092353 0.004706 0.200000 
256.500000 0.635882 0.067647 0.091176 0.005294 0.200000 
257.000000 0.637059 0.065882 0.091176 0.005882 0.200000 
257.500000 0.635294 0.068235 0.092941 0.003529 0.200000 
258.000000 0.646471 0.058235 0.091765 0.002941 0.200588 
258.500000 0.645882 0.057647 0.092941 0.002941 0.200588 
259.000000 0.645294 0.058235 0.092941 0.002353 0.201176 
259.500000 0.640000 0.063529 0.092941 0.002941 0.200588 
260.000000 0.644118 0.059412 0.091176 0.004118 0.201176 
260.500000 0.644118 0.060000 0.092353 0.003529 0.200000 
261.000000 0.647059 0.056471 0.091176 0.004118 0.201176 
261.500000 0.639412 0.065294 0.091176 0.003529 0.200588 
262.000000 0.645294 0.060000 0.089412 0.004118 0.201176 
262.500000 0.647059 0.057647 0.089412 0.004706 0.201176 
263.000000 0.642941 0.062353 0.090588 0.002941 0.201176 
263.500000 0.640588 0.064118 0.090588 0.004118 0.200588 
264.000000 0.644706 0.060588 0.090588 0.002941 0.201176 
264.500000 0.643529 0.062353 0.091176 0.002353 0.200588 
265.000000 0.642941 0.064118 0.090000 0.002353 0.200588 
265.500000 0.644706 0.063529 0.089412 0.002353 0.200000 
266.000000 0.640000 0.068235 0.089412 0.002353 0.200000 
266.500000 0.641176 0.065882 0.090000 0.002941 0.200000 
267.000000 0.640000 0.067647 0.089412 0.002353 0.200588 
267.500000 0.646471 0.060000 0.090588 0.002353 0.200588 
268.000000 0.643529 0.064706 0.089412 0.001765 0.200588 
268.500000 0.646471 0.061765 0.088824 0.002353 0.200588 
269.000000 0.642353 0.065294 0.089412 0.002353 0.200588 
269.500000 0.647647 0.060000 0.088235 0.004118 0.200000 
270.000000 0.650588 0.057647 0.088235 0.002941 0.200588 
270.500000 0.650588 0.058235 0.087647 0.002941 0.200588 
271.000000 0.648824 0.060000 0.087059 0.003529 0.200588 
271.500000 0.651765 0.057647 0.087059 0.002941 0.200588 
272.000000 0.653529 0.055882 0.086471 0.003529 0.200588 
272.500000 0.651765 0.058824 0.085882 0.002941 0.200588 
273.000000 0.654118 0.056471 0.085882 0.002353 0.201176 
273.500000 0.652941 0.058235 0.086471 0.001765 0.200588 
274.000000 0.655882 0.054706 0.086471 0.002941 0.200000 
274.500000 0.652353 0.057059 0.086471 0.003529 0.200588 
275.000000 0.650588 0.060588 0.086471 0.002353 0.200000 
275.500000 0.652941 0.057647 0.087647 0.002353 0.199412 
276.000000 0.651765 0.058824 0.088235 0.002941 0.198235 
276.500000 0.650588 0.060588 0.087059 0.002941 0.198824 
277.000000 0.652353 0.058235 0.087647 0.002353 0.199412 
277.500000 0.651176 0.060588 0.085294 0.003529 0.199412 
278.000000 0.651176 0.060588 0.087647 0.001765 0.198824 
278.500000 0.650000 0.061176 0.086471 0.003529 0.198824 
279.000000 0.652353 0.058824 0.087647 0.002941 0.198235 
279.500000 0.650588 0.060000 0.086471 0.003529 0.199412 
280.000000 0.650000 0.060588 0.088235 0.002941 0.198235 
280.500000 0.649412 0.061765 0.085882 0.004118 0.198824 
281.000000 0.654706 0.055294 0.087059 0.004118 0.198824 
281.500000 0.655294 0.054706 0.087059 0.004118 0.198824 
282.000000 0.660000 0.050588 0.085882 0.004118 0.199412 
282.500000 0.659412 0.051765 0.084706 0.004118 0.200000 
283.000000 0.658824 0.052941 0.084706 0.003529 0.200000 
283.500000 0.653529 0.058824 0.082941 0.004118 0.200588 
284.000000 0.652941 0.059412 0.082353 0.004118 0.201176 
284.500000 0.650588 0.061176 0.083529 0.004118 0.200588 
285.000000 0.650000 0.061765 0.084118 0.004118 0.200000 
285.500000 0.651176 0.061765 0.082941 0.004118 0.200000 
286.000000 0.653529 0.058824 0.082353 0.004706 0.200588 
286.500000 0.655882 0.056471 0.082353 0.004118 0.201176 
287.000000 0.655882 0.055294 0.082353 0.005294 0.201176 
287.500000 0.654706 0.057647 0.083529 0.004118 0.200000 
288.000000 0.657647 0.054118 0.082941 0.005294 0.200000 
288.500000 0.654706 0.057059 0.082941 0.004706 0.200588 
289.000000 0.649412 0.062353 0.083529 0.004118 0.200588 
289.500000 0.647059 0.065294 0.082941 0.004118 0.200588 
290.000000 0.649412 0.062941 0.082941 0.004118 0.200588 
290.500000 0.651765 0.060000 0.082941 0.004706 0.200588 
291.000000 0.652353 0.059412 0.082941 0.004706 0.200588 
291.500000 0.658235 0.053529 0.084118 0.004118 0.200000 
292.000000 0.650588 0.061765 0.082353 0.003529 0.201765 
292.500000 0.650588 0.061765 0.083529 0.003529 0.200588 
293.000000 0.649412 0.063529 0.082353 0.004118 0.200588 
293.500000 0.654706 0.058235 0.082353 0.004118 0.200588 
294.000000 0.652941 0.060000 0.081765 0.004118 0.201176 
294.500000 0.650000 0.062353 0.082941 0.003529 0.201176 
295.000000 0.651765 0.061765 0.082941 0.002941 0.200588 
295.500000 0.654706 0.059412 0.082941 0.002353 0.200588 
296.000000 0.651765 0.061765 0.082941 0.002941 0.200588 
296.500000 0.655294 0.058235 0.083529 0.002941 0.200000 
297.000000 0.655882 0.057647 0.082941 0.002941 0.200588 
297.500000 0.652353 0.061765 0.081176 0.004118 0.200588 
298.000000 0.647647 0.065882 0.082353 0.002353 0.201765 
298.500000 0.651176 0.062941 0.082353 0.002941 0.200588 
299.000000 0.651176 0.062353 0.082941 0.002941 0.200588 
299.500000 0.650588 0.063529 0.081176 0.002353 0.202353 
300.000000 0.652941 0.061765 0.080588 0.002353 0.202353 
300.500000 0.645882 0.068235 0.080588 0.003529 0.201765 
301.000000 0.652941 0.061176 0.081176 0.003529 0.201176 
301.500000 0.648824 0.065294 0.080588 0.004118 0.201176 
302.000000 0.648235 0.064706 0.080588 0.004706 0.201765 
302.500000 0.645882 0.067647 0.080000 0.004706 0.201765 
303.000000 0.657059 0.056471 0.079412 0.005294 0.201765 
303.500000 0.654706 0.058824 0.078824 0.005294 0.202353 
304.000000 0.648235 0.064706 0.080588 0.004118 0.202353 
304.500000 0.647647 0.066471 0.080588 0.003529 0.201765 
305.000000 0.650588 0.064118 0.079412 0.003529 0.202353 
305.500000 0.651176 0.065294 0.076471 0.004118 0.202941 
306.000000 0.653529 0.062353 0.078235 0.003529 0.202353 
306.500000 0.654706 0.060588 0.077647 0.004706 0.202353 
307.000000 0.652353 0.063529 0.077059 0.004706 0.202353 
307.500000 0.656471 0.060588 0.076471 0.004118 0.202353 
308.000000 0.653529 0.063529 0.075882 0.004118 0.202941 
308.500000 0.648824 0.068235 0.076471 0.002941 0.203529 
309.000000 0.648235 0.068235 0.075882 0.004118 0.203529 
309.500000 0.652941 0.064118 0.074706 0.004118 0.204118 
310.000000 0.649412 0.067647 0.075882 0.003529 0.203529 
310.500000 0.653529 0.064118 0.075294 0.003529 0.203529 
311.000000 0.655882 0.061176 0.074706 0.004706 0.203529 
311.500000 0.653529 0.062941 0.076471 0.004118 0.202941 
312.000000 0.650588 0.066471 0.074706 0.004706 0.203529 
312.500000 0.652941 0.064118 0.075294 0.004118 0.203529 
313.000000 0.654706 0.062941 0.073529 0.004706 0.204118 
313.500000 0.649412 0.068235 0.074706 0.003529 0.204118 
314.000000 0.649412 0.068235 0.074706 0.004118 0.203529 
314.500000 0.651176 0.066471 0.075882 0.002353 0.204118 
315.000000 0.652353 0.065294 0.074706 0.003529 0.204118 
315.500000 0.652941 0.064706 0.075882 0.002353 0.204118 
316.000000 0.654118 0.063529 0.077059 0.001765 0.203529 
316.500000 0.653529 0.064118 0.075882 0.002353 0.204118 
317.000000 0.657647 0.061765 0.074706 0.002353 0.203529 
317.500000 0.653529 0.064118 0.075882 0.002353 0.204118 
318.000000 0.652941 0.065882 0.074118 0.002941 0.204118 
318.500000 0.653529 0.064118 0.074118 0.002941 0.205294 
319.000000 0.653529 0.065294 0.072941 0.002353 0.205882 
319.500000 0.656471 0.062941 0.072941 0.001765 0.205882 
320.000000 0.655882 0.064118 0.072353 0.002941 0.204706 
320.500000 0.654118 0.065882 0.072353 0.002941 0.204706 
321.000000 0.652941 0.066471 0.071176 0.002941 0.206471 
321.500000 0.654706 0.065294 0.072353 0.001765 0.205882 
322.000000 0.656471 0.063529 0.072353 0.001765 0.205882 
322.500000 0.660588 0.060000 0.071176 0.001765 0.206471 
323.000000 0.665294 0.052941 0.072941 0.002353 0.206471 
323.500000 0.662941 0.056471 0.071765 0.002941 0.205882 
324.000000 0.663529 0.055294 0.072353 0.002941 0.205882 
324.500000 0.666471 0.051765 0.074118 0.001765 0.205882 
325.000000 0.661176 0.058235 0.073529 0.001176 0.205882 
325.500000 0.662353 0.057059 0.072941 0.001765 0.205882 
326.000000 0.664118 0.055882 0.071176 0.002353 0.206471 
326.500000 0.657059 0.062353 0.073529 0.001176 0.205882 
327.000000 0.659412 0.060000 0.072353 0.002353 0.205882 
327.500000 0.651765 0.067059 0.073529 0.001765 0.205882 
328.000000 0.658824 0.061765 0.072353 0.001176 0.205882 
328.500000 0.660000 0.060000 0.072941 0.001176 0.205882 
329.000000 0.665294 0.054118 0.070588 0.002941 0.207059 
329.500000 0.656471 0.061765 0.073529 0.001176 0.207059 
330.000000 0.660000 0.058824 0.071765 0.002353 0.207059 
330.500000 0.660000 0.059412 0.071765 0.002353 0.206471 
331.000000 0.661176 0.058824 0.070588 0.002353 0.207059 
331.500000 0.658235 0.062353 0.069412 0.003529 0.206471 
332.000000 0.659412 0.061176 0.070588 0.001765 0.207059 
332.500000 0.662353 0.058824 0.069412 0.001176 0.208235 
333.000000 0.658824 0.061765 0.069412 0.001176 0.208824 
333.500000 0.655882 0.064706 0.068824 0.001176 0.209412 
334.000000 0.659412 0.060588 0.068824 0.001765 0.209412 
334.500000 0.653529 0.067647 0.067647 0.001765 0.209412 
335.000000 0.654118 0.066471 0.068235 0.002353 0.208824 
335.500000 0.659412 0.061765 0.068235 0.001765 0.208824 
336.000000 0.650000 0.070588 0.068235 0.001765 0.209412 
336.500000 0.657647 0.063529 0.067647 0.001176 0.210000 
337.000000 0.655882 0.065294 0.068235 0.000588 0.210000 
337.500000 0.654118 0.067059 0.068235 0.000588 0.210000 
338.000000 0.650588 0.071176 0.067059 0.001176 0.210000 
338.500000 0.649412 0.072353 0.067059 0.001176 0.210000 
339.000000 0.655882 0.065294 0.065882 0.001765 0.211176 
339.500000 0.658824 0.062941 0.065882 0.001176 0.211176 
340.000000 0.655294 0.065882 0.064118 0.002353 0.212353 
340.500000 0.658824 0.062353 0.065882 0.001176 0.211765 
341.000000 0.663529 0.057647 0.066471 0.001176 0.211176 
341.500000 0.660000 0.060588 0.065882 0.001765 0.211765 
342.000000 0.665294 0.055882 0.065294 0.001765 0.211765 
342.500000 0.661765 0.059412 0.065294 0.001765 0.211765 
343.000000 0.660000 0.060588 0.065294 0.001765 0.212353 
343.500000 0.661176 0.059412 0.065294 0.001765 0.212353 
344.000000 0.660000 0.061176 0.063529 0.002353 0.212941 
344.500000 0.658824 0.062941 0.064118 0.001765 0.212353 
345.000000 0.666471 0.055294 0.062941 0.002353 0.212941 
345.500000 0.663529 0.057647 0.063529 0.002353 0.212941 
346.000000 0.662353 0.059412 0.064706 0.001176 0.212353 
346.500000 0.667059 0.054706 0.064706 0.001765 0.211765 
347.000000 0.661176 0.060588 0.065294 0.001176 0.211765 
347.500000 0.670588 0.051176 0.066471 0.000588 0.211176 
348.000000 0.661765 0.060000 0.066471 0.000000 0.211765 
348.500000 0.659412 0.062353 0.065882 0.000588 0.211765 
349.000000 0.660000 0.062353 0.064706 0.001765 0.211176 
349.500000 0.657059 0.065294 0.063529 0.002353 0.211765 
350.000000 0.660000 0.061176 0.065882 0.001176 0.211765 
350.500000 0.661765 0.060000 0.064706 0.001765 0.211765 
351.000000 0.664118 0.058235 0.064118 0.001176 0.212353 
351.500000 0.665294 0.057059 0.064118 0.001176 0.212353 
352.000000 0.670000 0.052353 0.062941 0.001765 0.212941 
